[INFO] [1644333362.823034]: (1.3660000562667847, 0.0, 0.0, 1740.0, 0)
[INFO] [1644333362.824433]: (1.3797898292541504, 0.024084320291876793, 0.0, 1857.0, 1)
[INFO] [1644333362.825401]: (1.3781598806381226, 0.048126403242349625, 0.0, 1702.0, 2)
[INFO] [1644333362.826191]: (1.365126609802246, 0.07154325395822525, 0.0, 1742.0, 3)
[INFO] [1644333362.826928]: (1.3526967763900757, 0.09458977729082108, 0.0, 1876.0, 4)
[INFO] [1644333362.827686]: (1.3568171262741089, 0.1187061220407486, 0.0, 2360.0, 5)
[INFO] [1644333362.828433]: (1.3664730787277222, 0.14362210035324097, 0.0, 1748.0, 6)
[INFO] [1644333362.829201]: (1.354825496673584, 0.16635164618492126, 0.0, 1968.0, 7)
[INFO] [1644333362.829956]: (1.3477548360824585, 0.18941457569599152, 0.0, 2239.0, 8)
[INFO] [1644333362.830719]: (1.3343669176101685, 0.2113429456949234, 0.0, 1841.0, 9)
[INFO] [1644333362.831541]: (1.3334296941757202, 0.23511962592601776, 0.0, 2018.0, 10)
[INFO] [1644333362.832349]: (1.3477741479873657, 0.26198074221611023, 0.0, 1871.0, 11)
[INFO] [1644333362.833092]: (1.3341933488845825, 0.28359153866767883, 0.0, 1843.0, 12)
[INFO] [1644333362.833836]: (1.3319638967514038, 0.30750808119773865, 0.0, 2098.0, 13)
[INFO] [1644333362.834662]: (1.3322160243988037, 0.33215877413749695, 0.0, 2021.0, 14)
[INFO] [1644333362.835473]: (1.3146250247955322, 0.35225269198417664, 0.0, 1697.0, 15)
[INFO] [1644333362.836246]: (1.3178898096084595, 0.37789881229400635, 0.0, 1776.0, 16)
[INFO] [1644333362.837056]: (1.3130064010620117, 0.4014263451099396, 0.0, 1901.0, 17)
[INFO] [1644333362.837795]: (1.316262125968933, 0.42767950892448425, 0.0, 1880.0, 18)
[INFO] [1644333362.838611]: (0.5814939141273499, 0.20022441446781158, 0.0, 952.0, 19)
[INFO] [1644333362.839598]: (0.5779109597206116, 0.2103423923254013, 0.0, 2436.0, 20)
[INFO] [1644333362.841644]: (0.5638825297355652, 0.21645422279834747, 0.0, 4206.0, 21)
[INFO] [1644333362.842494]: (0.5488928556442261, 0.2217670977115631, 0.0, 3411.0, 22)
[INFO] [1644333362.843512]: (0.5458593964576721, 0.23170354962348938, 0.0, 3294.0, 23)
[INFO] [1644333362.845048]: (0.5444731116294861, 0.24241504073143005, 0.0, 4022.0, 24)
[INFO] [1644333362.846200]: (0.5410657525062561, 0.2523030936717987, 0.0, 3631.0, 25)
[INFO] [1644333362.847156]: (0.5347824692726135, 0.2608308494091034, 0.0, 4053.0, 26)
[INFO] [1644333362.848204]: (0.5328218936920166, 0.2714863121509552, 0.0, 3940.0, 27)
[INFO] [1644333362.849135]: (0.532417356967926, 0.28309133648872375, 0.0, 3314.0, 28)
[INFO] [1644333362.850052]: (0.5317687392234802, 0.2947642505168915, 0.0, 4127.0, 29)
[INFO] [1644333362.851053]: (0.5386677980422974, 0.3109999895095825, 0.0, 3477.0, 30)
[INFO] [1644333362.852521]: (0.5383011102676392, 0.3234439194202423, 0.0, 1974.0, 31)
[INFO] [1644333362.853395]: (0.5393585562705994, 0.3370286524295807, 0.0, 3214.0, 32)
[INFO] [1644333362.854167]: (0.5417811870574951, 0.35183683037757874, 0.0, 4008.0, 33)
[INFO] [1644333362.854983]: (0.5645745992660522, 0.38081035017967224, 0.0, 2610.0, 34)
[INFO] [1644333362.855951]: (0.5799596309661865, 0.40609210729599, 0.0, 757.0, 35)
[INFO] [1644333362.857117]: (0.5679299235343933, 0.412625253200531, 0.0, 2632.0, 36)
[INFO] [1644333362.858332]: (0.5638366341590881, 0.4248813986778259, 0.0, 2825.0, 37)
[INFO] [1644333362.859126]: (0.5547595620155334, 0.4334256649017334, 0.0, 2337.0, 38)
[INFO] [1644333362.859962]: (0.5851909518241882, 0.47387826442718506, 0.0, 1218.0, 39)
[INFO] [1644333362.860728]: (0.4971628487110138, 0.41716915369033813, 0.0, 1451.0, 40)
[INFO] [1644333362.861484]: (0.5313155651092529, 0.46186554431915283, 0.0, 2203.0, 41)
[INFO] [1644333362.862257]: (0.5187150835990906, 0.4670531749725342, 0.0, 2890.0, 42)
[INFO] [1644333362.863037]: (0.5060967206954956, 0.47194284200668335, 0.0, 2837.0, 43)
[INFO] [1644333362.863816]: (0.4956251382827759, 0.47861963510513306, 0.0, 3063.0, 44)
[INFO] [1644333362.864569]: (0.48366105556488037, 0.48366105556488037, 0.0, 3233.0, 45)
[INFO] [1644333362.865327]: (0.4758409857749939, 0.4927477538585663, 0.0, 2789.0, 46)
[INFO] [1644333362.866082]: (0.4637588858604431, 0.4973205327987671, 0.0, 3892.0, 47)
[INFO] [1644333362.866786]: (0.4570162296295166, 0.5075679421424866, 0.0, 1691.0, 48)
[INFO] [1644333362.867501]: (1.2366713285446167, 1.422627568244934, 0.0, 238.0, 49)
[INFO] [1644333362.868291]: (1.1775869131088257, 1.4033933877944946, 0.0, 793.0, 50)
[INFO] [1644333362.869048]: (1.1730531454086304, 1.4486000537872314, 0.0, 934.0, 51)
[INFO] [1644333362.869807]: (1.1734508275985718, 1.5019484758377075, 0.0, 895.0, 52)
[INFO] [1644333362.870523]: (1.168724775314331, 1.5509501695632935, 0.0, 812.0, 53)
[INFO] [1644333362.871212]: (1.1679292917251587, 1.6075167655944824, 0.0, 767.0, 54)
[INFO] [1644333362.871910]: (1.1265041828155518, 1.6088145971298218, 0.0, 803.0, 55)
[INFO] [1644333362.872587]: (1.0663808584213257, 1.5809745788574219, 0.0, 689.0, 56)
[INFO] [1644333362.873315]: (0.9683682322502136, 1.4911562204360962, 0.0, 979.0, 57)
[INFO] [1644333362.874004]: (0.9194099307060242, 1.4713634252548218, 0.0, 775.0, 58)
[INFO] [1644333362.874708]: (0.8879256248474121, 1.477756381034851, 0.0, 1114.0, 59)
[INFO] [1644333362.876243]: (0.8514999747276306, 1.4748412370681763, 0.0, 1345.0, 60)
[INFO] [1644333362.878395]: (0.8120561242103577, 1.4649879932403564, 0.0, 1514.0, 61)
[INFO] [1644333362.879630]: (0.7788533568382263, 1.4648101329803467, 0.0, 1627.0, 62)
[INFO] [1644333362.880555]: (0.743636429309845, 1.4594687223434448, 0.0, 1672.0, 63)
[INFO] [1644333362.881501]: (0.7062159180641174, 1.447957158088684, 0.0, 1683.0, 64)
[INFO] [1644333362.882425]: (0.6816833019256592, 1.4618744850158691, 0.0, 1684.0, 65)
[INFO] [1644333362.883312]: (0.6458978056907654, 1.4507101774215698, 0.0, 1697.0, 66)
[INFO] [1644333362.884176]: (0.611494243144989, 1.4405901432037354, 0.0, 1717.0, 67)
[INFO] [1644333362.885551]: (0.5791417956352234, 1.4334262609481812, 0.0, 1701.0, 68)
[INFO] [1644333362.886450]: (0.5493780970573425, 1.4311788082122803, 0.0, 1674.0, 69)
[INFO] [1644333362.887249]: (0.5191866159439087, 1.4264533519744873, 0.0, 1349.0, 70)
[INFO] [1644333362.888005]: (0.4899800717830658, 1.42300546169281, 0.0, 1401.0, 71)
[INFO] [1644333362.888788]: (0.4663066267967224, 1.4351441860198975, 0.0, 1785.0, 72)
[INFO] [1644333362.889699]: (0.43651098012924194, 1.4277629852294922, 0.0, 1985.0, 73)
[INFO] [1644333362.891014]: (0.4051869213581085, 1.4130547046661377, 0.0, 1961.0, 74)
[INFO] [1644333362.891955]: (0.3783934712409973, 1.4121835231781006, 0.0, 1944.0, 75)
[INFO] [1644333362.892704]: (0.35006099939346313, 1.4040179252624512, 0.0, 1624.0, 76)
[INFO] [1644333362.893457]: (0.3189806044101715, 1.3816567659378052, 0.0, 1431.0, 77)
[INFO] [1644333362.894187]: (0.300432413816452, 1.4134232997894287, 0.0, 2190.0, 78)
[INFO] [1644333362.894931]: (0.2747649848461151, 1.4135432243347168, 0.0, 2120.0, 79)
[INFO] [1644333362.895664]: (0.24571217596530914, 1.393502950668335, 0.0, 1719.0, 80)
[INFO] [1644333362.896470]: (0.22041618824005127, 1.3916529417037964, 0.0, 1499.0, 81)
[INFO] [1644333362.897211]: (0.19651243090629578, 1.3982584476470947, 0.0, 2314.0, 82)
[INFO] [1644333362.897930]: (0.17342008650302887, 1.4123930931091309, 0.0, 2517.0, 83)
[INFO] [1644333362.898595]: (0.15532930195331573, 1.4778594970703125, 0.0, 1254.0, 84)
[INFO] [1644333362.899260]: (0.12916482985019684, 1.476360559463501, 0.0, 1763.0, 85)
[INFO] [1644333362.899959]: (0.10198397934436798, 1.4584386348724365, 0.0, 2032.0, 86)
[INFO] [1644333362.900640]: (0.07693387567996979, 1.4679853916168213, 0.0, 1902.0, 87)
[INFO] [1644333362.901293]: (0.05140697956085205, 1.4721027612686157, 0.0, 1970.0, 88)
[INFO] [1644333362.901978]: (0.02523619681596756, 1.445779800415039, 0.0, 1817.0, 89)
[INFO] [1644333362.902701]: (1.7789563599990288e-08, 1.4620000123977661, 0.0, 1980.0, 90)
[INFO] [1644333362.903377]: (-0.02509654127061367, 1.4377809762954712, 0.0, 2036.0, 91)
[INFO] [1644333362.904059]: (-0.05105794593691826, 1.462108850479126, 0.0, 2060.0, 92)
[INFO] [1644333362.904696]: (-0.07719551771879196, 1.4729785919189453, 0.0, 1739.0, 93)
[INFO] [1644333362.905350]: (-0.10303029417991638, 1.4734021425247192, 0.0, 1915.0, 94)
[INFO] [1644333362.906149]: (-0.1304721236228943, 1.4913034439086914, 0.0, 2010.0, 95)
[INFO] [1644333362.907448]: (-0.15679267048835754, 1.4917829036712646, 0.0, 2025.0, 96)
[INFO] [1644333362.909402]: (-0.18292586505413055, 1.4898117780685425, 0.0, 1929.0, 97)
[INFO] [1644333362.910355]: (-0.20681120455265045, 1.4715383052825928, 0.0, 1959.0, 98)
[INFO] [1644333362.911153]: (-0.23574671149253845, 1.4884463548660278, 0.0, 2109.0, 99)
[INFO] [1644333362.911956]: (-0.25960400700569153, 1.472287654876709, 0.0, 1690.0, 100)
[INFO] [1644333362.912796]: (-0.2844961881637573, 1.4636062383651733, 0.0, 1859.0, 101)
[INFO] [1644333362.913696]: (-0.30978840589523315, 1.45743989944458, 0.0, 1761.0, 102)
[INFO] [1644333362.914595]: (-0.33787646889686584, 1.4635038375854492, 0.0, 1791.0, 103)
[INFO] [1644333362.915427]: (-0.3640924394130707, 1.4602950811386108, 0.0, 2257.0, 104)
[INFO] [1644333362.916537]: (-0.386675626039505, 1.443093180656433, 0.0, 1909.0, 105)
[INFO] [1644333362.917626]: (-0.41152656078338623, 1.4351637363433838, 0.0, 1904.0, 106)
[INFO] [1644333362.918359]: (-0.44294309616088867, 1.4488017559051514, 0.0, 1807.0, 107)
[INFO] [1644333362.919073]: (-0.46908777952194214, 1.4437037706375122, 0.0, 2224.0, 108)
[INFO] [1644333362.919780]: (-0.49746811389923096, 1.4447523355484009, 0.0, 2186.0, 109)
[INFO] [1644333362.920557]: (-0.5267109870910645, 1.4471266269683838, 0.0, 2096.0, 110)
[INFO] [1644333362.921357]: (-0.5454359650611877, 1.4209094047546387, 0.0, 2039.0, 111)
[INFO] [1644333362.922236]: (-0.5750210881233215, 1.4232271909713745, 0.0, 2012.0, 112)
[INFO] [1644333362.923122]: (-0.6064147353172302, 1.4286235570907593, 0.0, 2017.0, 113)
[INFO] [1644333362.924427]: (-0.6324754357337952, 1.4205631017684937, 0.0, 2057.0, 114)
[INFO] [1644333362.925403]: (-0.66097491979599, 1.4174654483795166, 0.0, 1894.0, 115)
[INFO] [1644333362.926215]: (-0.6939414739608765, 1.4227908849716187, 0.0, 1835.0, 116)
[INFO] [1644333362.927014]: (-0.724568784236908, 1.422046422958374, 0.0, 1808.0, 117)
[INFO] [1644333362.927756]: (-0.745520830154419, 1.40212082862854, 0.0, 1770.0, 118)
[INFO] [1644333362.928457]: (-0.7771497964859009, 1.4020154476165771, 0.0, 1744.0, 119)
[INFO] [1644333362.929134]: (-0.8174999952316284, 1.4159514904022217, 0.0, 1740.0, 120)
[INFO] [1644333362.929830]: (-0.8410571813583374, 1.399754285812378, 0.0, 1712.0, 121)
[INFO] [1644333362.930551]: (-0.8658879995346069, 1.385710597038269, 0.0, 1660.0, 122)
[INFO] [1644333362.931241]: (-0.904100775718689, 1.392193078994751, 0.0, 1586.0, 123)
[INFO] [1644333362.931944]: (-0.9383256435394287, 1.3911250829696655, 0.0, 1543.0, 124)
[INFO] [1644333362.932607]: (-0.9613140821456909, 1.372898817062378, 0.0, 1486.0, 125)
[INFO] [1644333362.933262]: (-1.0039371252059937, 1.3818010091781616, 0.0, 1441.0, 126)
[INFO] [1644333362.933935]: (-1.032112717628479, 1.3696599006652832, 0.0, 1410.0, 127)
[INFO] [1644333362.934588]: (-1.0681726932525635, 1.3671987056732178, 0.0, 1405.0, 128)
[INFO] [1644333362.935294]: (-1.102569341659546, 1.3615597486495972, 0.0, 1352.0, 129)
[INFO] [1644333362.936175]: (-1.137734055519104, 1.3558986186981201, 0.0, 1323.0, 130)
[INFO] [1644333362.936906]: (-1.1835304498672485, 1.361496090888977, 0.0, 1291.0, 131)
[INFO] [1644333362.937689]: (-1.2191559076309204, 1.3540098667144775, 0.0, 1242.0, 132)
[INFO] [1644333362.938956]: (-1.253512978553772, 1.3442281484603882, 0.0, 1205.0, 133)
[INFO] [1644333362.940972]: (-1.2906752824783325, 1.3365334272384644, 0.0, 1088.0, 134)
[INFO] [1644333362.942024]: (-1.3222897052764893, 1.3222897052764893, 0.0, 971.0, 135)
[INFO] [1644333362.942853]: (-1.3739389181137085, 1.3267974853515625, 0.0, 985.0, 136)
[INFO] [1644333362.943667]: (-1.4005422592163086, 1.306026816368103, 0.0, 954.0, 137)
[INFO] [1644333362.944738]: (-1.453591227531433, 1.3088195323944092, 0.0, 883.0, 138)
[INFO] [1644333362.945778]: (-1.490551471710205, 1.295716643333435, 0.0, 816.0, 139)
[INFO] [1644333362.946650]: (-1.5581343173980713, 1.3074300289154053, 0.0, 681.0, 140)
[INFO] [1644333362.947604]: (-1.6032520532608032, 1.2982879877090454, 0.0, 653.0, 141)
[INFO] [1644333362.949276]: (-1.6540344953536987, 1.2922734022140503, 0.0, 603.0, 142)
[INFO] [1644333362.950630]: (-1.688315510749817, 1.2722370624542236, 0.0, 560.0, 143)
[INFO] [1644333362.951460]: (-1.7620389461517334, 1.2801963090896606, 0.0, 506.0, 144)
[INFO] [1644333362.952239]: (-1.780836582183838, 1.2469552755355835, 0.0, 464.0, 145)
[INFO] [1644333362.952983]: (-1.866992712020874, 1.2593024969100952, 0.0, 537.0, 146)
[INFO] [1644333362.953741]: (-1.9281036853790283, 1.2521251440048218, 0.0, 495.0, 147)
[INFO] [1644333362.954668]: (-1.9827364683151245, 1.238951325416565, 0.0, 486.0, 148)
[INFO] [1644333362.955418]: (-2.050344228744507, 1.2319711446762085, 0.0, 472.0, 149)
[INFO] [1644333362.956140]: (-2.1035757064819336, 1.2144999504089355, 0.0, 459.0, 150)
[INFO] [1644333362.956879]: (-2.1716806888580322, 1.203782320022583, 0.0, 436.0, 151)
[INFO] [1644333362.957612]: (-2.2638773918151855, 1.2037250995635986, 0.0, 414.0, 152)
[INFO] [1644333362.958322]: (-2.342456102371216, 1.1935410499572754, 0.0, 401.0, 153)
[INFO] [1644333362.959064]: (-2.42584490776062, 1.1831637620925903, 0.0, 384.0, 154)
[INFO] [1644333362.959785]: (-1.1945135593414307, 0.5570108890533447, 0.0, 315.0, 155)
[INFO] [1644333362.960470]: (-1.211361289024353, 0.5393328070640564, 0.0, 666.0, 156)
[INFO] [1644333362.961196]: (-1.2233508825302124, 0.5192816853523254, 0.0, 323.0, 157)
[INFO] [1644333362.961996]: (-1.2470623254776, 0.5038459300994873, 0.0, 221.0, 158)
[INFO] [1644333362.962735]: (-1.2136545181274414, 0.46587833762168884, 0.0, 113.0, 159)
[INFO] [1644333362.963509]: (-2.1983306407928467, 0.7569460272789001, 0.0, 120.0, 161)
[INFO] [1644333362.964281]: (-2.2188148498535156, 0.72093665599823, 0.0, 166.0, 162)
[INFO] [1644333362.965027]: (-2.258791923522949, 0.6905820369720459, 0.0, 396.0, 163)
[INFO] [1644333362.966049]: (-2.2522361278533936, 0.6458183526992798, 0.0, 394.0, 164)
[INFO] [1644333362.966734]: (-2.296971559524536, 0.6154717206954956, 0.0, 436.0, 165)
[INFO] [1644333362.967408]: (-2.282135486602783, 0.5690003633499146, 0.0, 174.0, 166)
[INFO] [1644333362.968093]: (-2.2771027088165283, 0.5257106423377991, 0.0, 175.0, 167)
[INFO] [1644333362.968740]: (-2.2536518573760986, 0.4790285527706146, 0.0, 198.0, 168)
[INFO] [1644333362.969411]: (-2.2734484672546387, 0.4419136941432953, 0.0, 200.0, 169)
[INFO] [1644333362.970071]: (-2.2552096843719482, 0.39765438437461853, 0.0, 214.0, 170)
[INFO] [1644333362.971301]: (-2.2766215801239014, 0.36058151721954346, 0.0, 189.0, 171)
[INFO] [1644333362.973430]: (-1.1387275457382202, 0.1196851134300232, 0.0, 394.0, 174)
[INFO] [1644333362.974502]: (-1.782192349433899, 0.15592166781425476, 0.0, 103.0, 175)
[INFO] [1644333362.975445]: (-1.7786567211151123, 0.1243758350610733, 0.0, 120.0, 176)
[INFO] [1644333362.976457]: (-1.7356181144714355, 0.09095993638038635, 0.0, 106.0, 177)
[INFO] [1644333362.977557]: (-1.6380016803741455, 0.057200316339731216, 0.0, 350.0, 178)
[INFO] [1644333362.978548]: (-1.9392043352127075, -0.6300855875015259, 0.0, 264.0, 198)
[INFO] [1644333362.979388]: (-1.8948191404342651, -0.6524385213851929, 0.0, 248.0, 199)
[INFO] [1644333362.981025]: (-1.8446166515350342, -0.6713855266571045, 0.0, 423.0, 200)
[INFO] [1644333362.982507]: (-1.87649667263031, -0.7203195095062256, 0.0, 325.0, 201)
[INFO] [1644333362.983395]: (-1.908144474029541, -0.770940363407135, 0.0, 335.0, 202)
[INFO] [1644333362.984207]: (-1.889796495437622, -0.8021709322929382, 0.0, 352.0, 203)
[INFO] [1644333362.984996]: (-1.8846442699432373, -0.8390976190567017, 0.0, 317.0, 204)
[INFO] [1644333362.985863]: (-1.883307695388794, -0.8782007098197937, 0.0, 313.0, 205)
[INFO] [1644333362.986653]: (-1.873086929321289, -0.913565456867218, 0.0, 273.0, 206)
[INFO] [1644333362.987442]: (-1.862203598022461, -0.9488400816917419, 0.0, 339.0, 207)
[INFO] [1644333362.988246]: (-1.8506581783294678, -0.9840123057365417, 0.0, 335.0, 208)
[INFO] [1644333362.989011]: (-1.8384506702423096, -1.019069790840149, 0.0, 330.0, 209)
[INFO] [1644333362.989804]: (-1.8091270923614502, -1.0444999933242798, 0.0, 165.0, 210)
[INFO] [1644333362.990525]: (-1.750335693359375, -1.0517077445983887, 0.0, 407.0, 211)
[INFO] [1644333362.991256]: (-1.738498568534851, -1.086334466934204, 0.0, 342.0, 212)
[INFO] [1644333362.992000]: (-1.6848891973495483, -1.0941797494888306, 0.0, 417.0, 213)
[INFO] [1644333362.992729]: (-1.639007329940796, -1.1055243015289307, 0.0, 441.0, 214)
[INFO] [1644333362.993519]: (-1.6047189235687256, -1.123636245727539, 0.0, 418.0, 215)
[INFO] [1644333362.994287]: (-1.5686839818954468, -1.139715552330017, 0.0, 446.0, 216)
[INFO] [1644333362.995032]: (-1.5253938436508179, -1.149466633796692, 0.0, 671.0, 217)
[INFO] [1644333362.995728]: (-1.482248306274414, -1.1580592393875122, 0.0, 819.0, 218)
[INFO] [1644333362.996576]: (-1.4587030410766602, -1.181234359741211, 0.0, 856.0, 219)
[INFO] [1644333362.997453]: (-1.4271408319473267, -1.1975133419036865, 0.0, 796.0, 220)
[INFO] [1644333362.998285]: (-1.3992315530776978, -1.2163333892822266, 0.0, 281.0, 221)
[INFO] [1644333362.999112]: (-0.12294293195009232, -0.697243869304657, 0.0, 915.0, 260)
[INFO] [1644333362.999858]: (-0.12302905321121216, -0.8753969669342041, 0.0, 303.0, 262)
[INFO] [1644333363.000610]: (0.045495811849832535, -0.2580196261405945, 0.0, 1383.0, 280)
[INFO] [1644333363.001508]: (0.48965880274772644, -0.920914351940155, 0.0, 553.0, 298)
[INFO] [1644333363.002506]: (0.5012931227684021, -0.904356837272644, 0.0, 1501.0, 299)
[INFO] [1644333363.004965]: (0.5054999589920044, -0.8755517601966858, 0.0, 1841.0, 300)
[INFO] [1644333363.006069]: (0.5521208047866821, -0.9188833832740784, 0.0, 2002.0, 301)
[INFO] [1644333363.007209]: (0.5479364991188049, -0.8768817782402039, 0.0, 1981.0, 302)
[INFO] [1644333363.008538]: (0.5691477060317993, -0.876410722732544, 0.0, 2056.0, 303)
[INFO] [1644333363.009964]: (0.6134345531463623, -0.9094542264938354, 0.0, 2176.0, 304)
[INFO] [1644333363.011054]: (0.5988137722015381, -0.8551948070526123, 0.0, 2050.0, 305)
[INFO] [1644333363.012086]: (0.6171744465827942, -0.8494678139686584, 0.0, 2268.0, 306)
[INFO] [1644333363.014002]: (0.6114440560340881, -0.8114137053489685, 0.0, 1503.0, 307)
[INFO] [1644333363.014997]: (0.6021168828010559, -0.7706745266914368, 0.0, 1990.0, 308)
[INFO] [1644333363.015841]: (0.6154752969741821, -0.7600487470626831, 0.0, 2155.0, 309)
[INFO] [1644333363.016654]: (0.6254323124885559, -0.7453612685203552, 0.0, 2272.0, 310)
[INFO] [1644333363.017462]: (0.647530198097229, -0.7448983788490295, 0.0, 2348.0, 311)
[INFO] [1644333363.018273]: (0.6624392867088318, -0.7357134222984314, 0.0, 2362.0, 312)
[INFO] [1644333363.019078]: (0.6751783490180969, -0.7240402102470398, 0.0, 1760.0, 313)
[INFO] [1644333363.019893]: (0.6821544766426086, -0.7063916921615601, 0.0, 2148.0, 314)
[INFO] [1644333363.020700]: (0.6844793558120728, -0.6844794154167175, 0.0, 2281.0, 315)
[INFO] [1644333363.021481]: (0.6812148094177246, -0.6578415036201477, 0.0, 2615.0, 316)
[INFO] [1644333363.022263]: (0.691129207611084, -0.6444884538650513, 0.0, 1811.0, 317)
[INFO] [1644333363.023020]: (0.7059875726699829, -0.6356741189956665, 0.0, 1923.0, 318)
[INFO] [1644333363.023801]: (0.7139552235603333, -0.6206318736076355, 0.0, 1843.0, 319)
[INFO] [1644333363.024570]: (0.7308063507080078, -0.6132193803787231, 0.0, 1561.0, 320)
[INFO] [1644333363.025401]: (1.576021432876587, -1.231323003768921, 0.0, 773.0, 322)
[INFO] [1644333363.026188]: (1.5605337619781494, -1.175946593284607, 0.0, 813.0, 323)
[INFO] [1644333363.026956]: (1.5646388530731201, -1.1367768049240112, 0.0, 884.0, 324)
[INFO] [1644333363.027752]: (1.5490164756774902, -1.0846331119537354, 0.0, 939.0, 325)
[INFO] [1644333363.028530]: (1.533719539642334, -1.034506916999817, 0.0, 1005.0, 326)
[INFO] [1644333363.029279]: (1.5347671508789062, -0.99668949842453, 0.0, 1041.0, 327)
[INFO] [1644333363.030072]: (1.529030680656433, -0.9554445147514343, 0.0, 1131.0, 328)
[INFO] [1644333363.030867]: (1.523186206817627, -0.915222704410553, 0.0, 1167.0, 329)
[INFO] [1644333363.031658]: (0.7569062113761902, -0.437000036239624, 0.0, 3081.0, 330)
[INFO] [1644333363.032432]: (0.7644175887107849, -0.42372363805770874, 0.0, 2814.0, 331)
[INFO] [1644333363.033189]: (0.7584519982337952, -0.40327611565589905, 0.0, 3040.0, 332)
[INFO] [1644333363.033967]: (0.7404263615608215, -0.37726613879203796, 0.0, 2263.0, 333)
[INFO] [1644333363.035190]: (0.7415050864219666, -0.36165621876716614, 0.0, 3023.0, 334)
[INFO] [1644333363.037429]: (0.717795729637146, -0.3347136974334717, 0.0, 1980.0, 335)
[INFO] [1644333363.038722]: (0.6933810114860535, -0.3087131381034851, 0.0, 1837.0, 336)
[INFO] [1644333363.039739]: (0.6830145716667175, -0.2899225354194641, 0.0, 3187.0, 337)
[INFO] [1644333363.040819]: (0.6861160397529602, -0.27720892429351807, 0.0, 2408.0, 338)
[INFO] [1644333363.042010]: (0.6777793765068054, -0.2601751685142517, 0.0, 4883.0, 339)
[INFO] [1644333363.043101]: (0.6756389737129211, -0.24591250717639923, 0.0, 2640.0, 340)
[INFO] [1644333363.044011]: (0.6845554113388062, -0.23571136593818665, 0.0, 2825.0, 341)
[INFO] [1644333363.044980]: (0.6733480095863342, -0.21878406405448914, 0.0, 2733.0, 342)
[INFO] [1644333363.047052]: (0.6780200600624084, -0.20729157328605652, 0.0, 2872.0, 343)
[INFO] [1644333363.048055]: (0.6844183206558228, -0.19625383615493774, 0.0, 2934.0, 344)
[INFO] [1644333363.048876]: (0.6780799627304077, -0.1816910058259964, 0.0, 2998.0, 345)
[INFO] [1644333363.049675]: (0.678236722946167, -0.1691034436225891, 0.0, 2667.0, 346)
[INFO] [1644333363.050408]: (0.6859565377235413, -0.15836557745933533, 0.0, 2947.0, 347)
[INFO] [1644333363.051131]: (0.692528486251831, -0.1472015082836151, 0.0, 2908.0, 348)
[INFO] [1644333363.052023]: (0.6959736347198486, -0.13528360426425934, 0.0, 2977.0, 349)
[INFO] [1644333363.052953]: (0.6893653869628906, -0.12155375629663467, 0.0, 3097.0, 350)
[INFO] [1644333363.053755]: (0.6963202357292175, -0.11028632521629333, 0.0, 3168.0, 351)
[INFO] [1644333363.054523]: (0.6902168393135071, -0.09700369089841843, 0.0, 3570.0, 352)
[INFO] [1644333363.055290]: (0.6878345012664795, -0.08445549011230469, 0.0, 2463.0, 353)
[INFO] [1644333363.056145]: (0.6792584657669067, -0.0713929757475853, 0.0, 3929.0, 354)
[INFO] [1644333363.056937]: (0.6883705258369446, -0.06022464856505394, 0.0, 3058.0, 355)
[INFO] [1644333363.057712]: (0.6923094391822815, -0.04841102659702301, 0.0, 3406.0, 356)
[INFO] [1644333363.058552]: (0.6980420351028442, -0.03658286854624748, 0.0, 3349.0, 357)
[INFO] [1644333363.059320]: (1.390788197517395, -0.024276364594697952, 0.0, 1907.0, 359)
[INFO] [1644333363.060484]: (1.371999979019165, 0.0, 0.0, 1880.0, 0)
[INFO] [1644333363.061291]: (1.3827893733978271, 0.024136677384376526, 0.0, 1890.0, 1)
[INFO] [1644333363.062071]: (1.3611702919006348, 0.04753311350941658, 0.0, 1840.0, 2)
[INFO] [1644333363.063241]: (1.3701196908950806, 0.07180493324995041, 0.0, 1997.0, 3)
[INFO] [1644333363.063994]: (1.3646676540374756, 0.09542685747146606, 0.0, 1775.0, 4)
[INFO] [1644333363.064724]: (1.3498438596725464, 0.11809603124856949, 0.0, 1738.0, 5)
[INFO] [1644333363.065482]: (1.3435990810394287, 0.14121794700622559, 0.0, 1735.0, 6)
[INFO] [1644333363.066250]: (1.3488701581954956, 0.16562043130397797, 0.0, 1909.0, 7)
[INFO] [1644333363.067668]: (1.3497353792190552, 0.18969294428825378, 0.0, 1729.0, 8)
[INFO] [1644333363.069645]: (1.3570836782455444, 0.21494095027446747, 0.0, 1897.0, 9)
[INFO] [1644333363.070660]: (1.349186658859253, 0.23789800703525543, 0.0, 1729.0, 10)
[INFO] [1644333363.071636]: (1.3350130319595337, 0.2595002353191376, 0.0, 1893.0, 11)
[INFO] [1644333363.072504]: (1.3410403728485107, 0.28504693508148193, 0.0, 2018.0, 12)
[INFO] [1644333363.073507]: (1.3192970752716064, 0.30458372831344604, 0.0, 1864.0, 13)
[INFO] [1644333363.074532]: (1.3341566324234009, 0.3326426148414612, 0.0, 1814.0, 14)
[INFO] [1644333363.075434]: (1.322352409362793, 0.35432326793670654, 0.0, 1765.0, 15)
[INFO] [1644333363.076293]: (1.339037537574768, 0.38396283984184265, 0.0, 2018.0, 16)
[INFO] [1644333363.077651]: (1.3197005987167358, 0.4034729599952698, 0.0, 1922.0, 17)
[INFO] [1644333363.080174]: (1.3115068674087524, 0.4261344075202942, 0.0, 1843.0, 18)
[INFO] [1644333363.081027]: (1.2783410549163818, 0.4401681423187256, 0.0, 1096.0, 19)
[INFO] [1644333363.081903]: (0.571333110332489, 0.207948237657547, 0.0, 2183.0, 20)
[INFO] [1644333363.082651]: (0.567616879940033, 0.21788769960403442, 0.0, 3830.0, 21)
[INFO] [1644333363.083494]: (0.5516744256019592, 0.2228909283876419, 0.0, 3350.0, 22)
[INFO] [1644333363.084229]: (0.548620879650116, 0.2328757643699646, 0.0, 3625.0, 23)
[INFO] [1644333363.084962]: (0.5463001728057861, 0.2432285100221634, 0.0, 3826.0, 24)
[INFO] [1644333363.085726]: (0.5437846779823303, 0.2535709738731384, 0.0, 4143.0, 25)
[INFO] [1644333363.086519]: (0.5374788045883179, 0.2621459364891052, 0.0, 3918.0, 26)
[INFO] [1644333363.087231]: (0.5346039533615112, 0.2723942995071411, 0.0, 4346.0, 27)
[INFO] [1644333363.087983]: (0.5341833233833313, 0.2840302884578705, 0.0, 3383.0, 28)
[INFO] [1644333363.088802]: (0.5335180163383484, 0.29573386907577515, 0.0, 4703.0, 29)
[INFO] [1644333363.089590]: (0.5403998494148254, 0.31200000643730164, 0.0, 3136.0, 30)
[INFO] [1644333363.090421]: (0.541729748249054, 0.3255040645599365, 0.0, 2336.0, 31)
[INFO] [1644333363.091146]: (0.5461429953575134, 0.34126800298690796, 0.0, 3168.0, 32)
[INFO] [1644333363.091827]: (0.5535225868225098, 0.35946178436279297, 0.0, 3550.0, 33)
[INFO] [1644333363.092559]: (0.5596003532409668, 0.3774552047252655, 0.0, 2793.0, 34)
[INFO] [1644333363.093280]: (0.5725873112678528, 0.40092992782592773, 0.0, 963.0, 35)
[INFO] [1644333363.093972]: (0.5606487989425659, 0.40733519196510315, 0.0, 2921.0, 36)
[INFO] [1644333363.094697]: (0.5550516843795776, 0.41826143860816956, 0.0, 2695.0, 37)
[INFO] [1644333363.095393]: (0.5453034043312073, 0.4260377287864685, 0.0, 2301.0, 38)
[INFO] [1644333363.096139]: (0.5789737701416016, 0.4688436985015869, 0.0, 1313.0, 39)
[INFO] [1644333363.096922]: (0.5032911896705627, 0.4223114550113678, 0.0, 882.0, 40)
[INFO] [1644333363.097662]: (0.5049007534980774, 0.4389035105705261, 0.0, 1765.0, 41)
[INFO] [1644333363.098807]: (0.5068247318267822, 0.4563470482826233, 0.0, 2490.0, 42)
[INFO] [1644333363.100915]: (0.5082908272743225, 0.4739888608455658, 0.0, 2886.0, 43)
[INFO] [1644333363.102080]: (0.4977831244468689, 0.48070356249809265, 0.0, 3255.0, 44)
[INFO] [1644333363.103099]: (0.48719659447669983, 0.48719656467437744, 0.0, 3018.0, 45)
[INFO] [1644333363.104069]: (0.47306233644485474, 0.4898703992366791, 0.0, 3246.0, 46)
[INFO] [1644333363.104951]: (0.46444088220596313, 0.49805185198783875, 0.0, 3319.0, 47)
[INFO] [1644333363.106101]: (0.4563470780849457, 0.5068247318267822, 0.0, 1940.0, 48)
[INFO] [1644333363.107180]: (1.2373273372650146, 1.42338228225708, 0.0, 176.0, 49)
[INFO] [1644333363.108096]: (1.1795152425765991, 1.4056916236877441, 0.0, 831.0, 50)
[INFO] [1644333363.109109]: (1.1730531454086304, 1.4486000537872314, 0.0, 950.0, 51)
[INFO] [1644333363.111192]: (1.1555966138839722, 1.4790961742401123, 0.0, 917.0, 52)
[INFO] [1644333363.112295]: (1.1615029573440552, 1.541366457939148, 0.0, 831.0, 53)
[INFO] [1644333363.113149]: (1.157936930656433, 1.5937634706497192, 0.0, 755.0, 54)
[INFO] [1644333363.113945]: (1.1385492086410522, 1.6260168552398682, 0.0, 1133.0, 55)
[INFO] [1644333363.114790]: (1.0853934288024902, 1.6091618537902832, 0.0, 696.0, 56)
[INFO] [1644333363.115624]: (1.0070375204086304, 1.5507018566131592, 0.0, 749.0, 57)
[INFO] [1644333363.116439]: (0.9268288016319275, 1.4832360744476318, 0.0, 1313.0, 58)
[INFO] [1644333363.117313]: (0.8874106407165527, 1.476899266242981, 0.0, 1216.0, 59)
[INFO] [1644333363.118063]: (0.8475000262260437, 1.4679131507873535, 0.0, 1129.0, 60)
[INFO] [1644333363.118803]: (0.814965009689331, 1.4702357053756714, 0.0, 1087.0, 61)
[INFO] [1644333363.119579]: (0.7769754528999329, 1.4612782001495361, 0.0, 1142.0, 62)
[INFO] [1644333363.120398]: (0.7440904974937439, 1.4603596925735474, 0.0, 1214.0, 63)
[INFO] [1644333363.121182]: (0.704024076461792, 1.4434632062911987, 0.0, 1222.0, 64)
[INFO] [1644333363.121980]: (0.6749213933944702, 1.4473735094070435, 0.0, 1322.0, 65)
[INFO] [1644333363.122767]: (0.6434574127197266, 1.445228934288025, 0.0, 1302.0, 66)
[INFO] [1644333363.123513]: (0.6138386130332947, 1.446113109588623, 0.0, 1298.0, 67)
[INFO] [1644333363.124316]: (0.5813894867897034, 1.4389894008636475, 0.0, 1256.0, 68)
[INFO] [1644333363.125084]: (0.5500947833061218, 1.4330458641052246, 0.0, 1350.0, 69)
[INFO] [1644333363.125846]: (0.5208966732025146, 1.4311518669128418, 0.0, 1570.0, 70)
[INFO] [1644333363.126558]: (0.49584031105041504, 1.440024733543396, 0.0, 1880.0, 71)
[INFO] [1644333363.127270]: (0.4635255038738251, 1.4265847206115723, 0.0, 1963.0, 72)
[INFO] [1644333363.127930]: (0.4356338679790497, 1.424894094467163, 0.0, 1884.0, 73)
[INFO] [1644333363.128646]: (0.4068407416343689, 1.418822169303894, 0.0, 2060.0, 74)
[INFO] [1644333363.129424]: (0.3758052587509155, 1.4025243520736694, 0.0, 1783.0, 75)
[INFO] [1644333363.130347]: (0.3466740846633911, 1.3904337882995605, 0.0, 1420.0, 76)
[INFO] [1644333363.132050]: (0.3230297267436981, 1.3991954326629639, 0.0, 2081.0, 77)
[INFO] [1644333363.133717]: (0.3016798794269562, 1.4192920923233032, 0.0, 2077.0, 78)
[INFO] [1644333363.134656]: (0.27419254183769226, 1.4105982780456543, 0.0, 2131.0, 79)
[INFO] [1644333363.135618]: (0.2443229854106903, 1.3856244087219238, 0.0, 1768.0, 80)
[INFO] [1644333363.136492]: (0.21869540214538574, 1.3807883262634277, 0.0, 1689.0, 81)
[INFO] [1644333363.137477]: (0.19720830023288727, 1.403209924697876, 0.0, 2079.0, 82)
[INFO] [1644333363.138380]: (0.17012962698936462, 1.3855944871902466, 0.0, 2106.0, 83)
[INFO] [1644333363.139301]: (0.1449809968471527, 1.3794018030166626, 0.0, 217.0, 84)
[INFO] [1644333363.140971]: (0.1311694085597992, 1.4992730617523193, 0.0, 1081.0, 85)
[INFO] [1644333363.142677]: (0.10198397934436798, 1.4584386348724365, 0.0, 1955.0, 86)
[INFO] [1644333363.143570]: (0.07630583643913269, 1.4560017585754395, 0.0, 1616.0, 87)
[INFO] [1644333363.144444]: (0.0508485846221447, 1.4561125040054321, 0.0, 2066.0, 88)
[INFO] [1644333363.145201]: (0.025096576660871506, 1.4377809762954712, 0.0, 1706.0, 89)
[INFO] [1644333363.145993]: (1.7509700356299618e-08, 1.4390000104904175, 0.0, 1993.0, 90)
^C[INFO] [1644333363.146864]: (-0.025724828243255615, 1.4737755060195923, 0.0, 1834.0, 91)
[INFO] [1644333363.147922]: (-0.050883445888757706, 1.4571117162704468, 0.0, 2002.0, 92)
[INFO] [1644333363.149788]: (-0.07682916522026062, 1.4659881591796875, 0.0, 1884.0, 93)
[INFO] [1644333363.150525]: (-0.10435567051172256, 1.4923558235168457, 0.0, 2068.0, 94)
[INFO] [1644333363.151248]: (-0.1311693787574768, 1.4992730617523193, 0.0, 1960.0, 95)
[INFO] [1644333363.151979]: (-0.15585193037986755, 1.4828321933746338, 0.0, 2083.0, 96)
[INFO] [1644333363.152759]: (-0.1819509118795395, 1.481871485710144, 0.0, 2335.0, 97)
[INFO] [1644333363.153503]: (-0.20708955824375153, 1.473518967628479, 0.0, 2101.0, 98)
[INFO] [1644333363.154229]: (-0.23230516910552979, 1.46671724319458, 0.0, 1929.0, 99)
[INFO] [1644333363.154960]: (-0.26116684079170227, 1.4811508655548096, 0.0, 2030.0, 100)
[INFO] [1644333363.155728]: (-0.2844961881637573, 1.4636062383651733, 0.0, 2330.0, 101)
[INFO] [1644333363.156487]: (-0.3102042078971863, 1.459396243095398, 0.0, 1930.0, 102)
[INFO] [1644333363.157220]: (-0.3374265730381012, 1.4615551233291626, 0.0, 1838.0, 103)
[INFO] [1644333363.157987]: (-0.3631247580051422, 1.456413984298706, 0.0, 2282.0, 104)
[INFO] [1644333363.158717]: (-0.3892638087272644, 1.4527523517608643, 0.0, 1770.0, 105)
[INFO] [1644333363.159425]: (-0.4186931252479553, 1.4601565599441528, 0.0, 2121.0, 106)
[INFO] [1644333363.160117]: (-0.44089651107788086, 1.4421075582504272, 0.0, 1784.0, 107)
[INFO] [1644333363.160832]: (-0.4743410646915436, 1.459871768951416, 0.0, 2100.0, 108)
[INFO] [1644333363.161554]: (-0.49584028124809265, 1.4400248527526855, 0.0, 2064.0, 109)
[INFO] [1644333363.162319]: (-0.521580696105957, 1.4330312013626099, 0.0, 2128.0, 110)
[INFO] [1644333363.163755]: (-0.5479446053504944, 1.427444577217102, 0.0, 2079.0, 111)
[INFO] [1644333363.165380]: (-0.5765195488929749, 1.4269360303878784, 0.0, 1835.0, 112)
[INFO] [1644333363.166244]: (-0.6036795377731323, 1.422179937362671, 0.0, 2051.0, 113)
[INFO] [1644333363.167049]: (-0.6308485269546509, 1.4169089794158936, 0.0, 1874.0, 114)
[INFO] [1644333363.167892]: (-0.6613975763320923, 1.4183717966079712, 0.0, 1891.0, 115)
[INFO] [1644333363.168755]: (-0.6935031414031982, 1.4218921661376953, 0.0, 1833.0, 116)
[INFO] [1644333363.169651]: (-0.724568784236908, 1.422046422958374, 0.0, 1795.0, 117)
[INFO] [1644333363.170515]: (-0.7441124320030212, 1.3994719982147217, 0.0, 1789.0, 118)
[INFO] [1644333363.171337]: (-0.7795738577842712, 1.406388521194458, 0.0, 1714.0, 119)
[INFO] [1644333363.172895]: (-0.8149999976158142, 1.4116214513778687, 0.0, 1746.0, 120)
[INFO] [1644333363.174024]: (-0.8379669189453125, 1.3946112394332886, 0.0, 1747.0, 121)
[INFO] [1644333363.175120]: (-0.862708568572998, 1.380622386932373, 0.0, 1680.0, 122)
[INFO] [1644333363.175886]: (-0.9073686003684998, 1.3972251415252686, 0.0, 1621.0, 123)
[INFO] [1644333363.176619]: (-0.932174563407898, 1.3820056915283203, 0.0, 1568.0, 124)
[INFO] [1644333363.177335]: (-0.9664762616157532, 1.3802711963653564, 0.0, 1512.0, 125)
[INFO] [1644333363.178066]: (-1.0062882900238037, 1.3850370645523071, 0.0, 1441.0, 126)
[INFO] [1644333363.178759]: (-1.0339182615280151, 1.3720558881759644, 0.0, 1429.0, 127)
[INFO] [1644333363.179473]: (-1.0657099485397339, 1.364046573638916, 0.0, 1443.0, 128)
[INFO] [1644333363.180193]: (-1.0969054698944092, 1.3545655012130737, 0.0, 1386.0, 129)
[INFO] [1644333363.180914]: (-1.1248782873153687, 1.3405778408050537, 0.0, 1305.0, 130)
[INFO] [1644333363.181630]: (-1.1782820224761963, 1.355458378791809, 0.0, 1325.0, 131)
[INFO] [1644333363.182326]: (-1.2084498405456543, 1.342119574546814, 0.0, 1262.0, 132)
[INFO] [1644333363.183024]: (-1.2460110187530518, 1.3361833095550537, 0.0, 1156.0, 133)
[INFO] [1644333363.183734]: (-1.291369915008545, 1.3372527360916138, 0.0, 1115.0, 134)
[INFO] [1644333363.184445]: (-1.3272393941879272, 1.3272393941879272, 0.0, 1024.0, 135)
[INFO] [1644333363.185209]: (-1.3667455911636353, 1.3198509216308594, 0.0, 991.0, 136)
[INFO] [1644333363.185947]: (-1.4078558683395386, 1.3128467798233032, 0.0, 949.0, 137)
[INFO] [1644333363.186676]: (-1.4394714832305908, 1.296105980873108, 0.0, 900.0, 138)
[INFO] [1644333363.187390]: (-1.4830043315887451, 1.2891560792922974, 0.0, 828.0, 139)
[INFO] [1644333363.188125]: (-1.551240086555481, 1.301645040512085, 0.0, 670.0, 140)
[INFO] [1644333363.188857]: (-1.5970349311828613, 1.2932534217834473, 0.0, 661.0, 141)
[INFO] [1644333363.189571]: (-1.6366982460021973, 1.2787288427352905, 0.0, 596.0, 142)
[INFO] [1644333363.190272]: (-1.687516689300537, 1.2716351747512817, 0.0, 563.0, 143)
[INFO] [1644333363.190992]: (-1.737768530845642, 1.2625627517700195, 0.0, 516.0, 144)
[INFO] [1644333363.191731]: (-1.8045920133590698, 1.2635889053344727, 0.0, 582.0, 145)
[INFO] [1644333363.192473]: (-1.859531283378601, 1.2542697191238403, 0.0, 554.0, 146)
[INFO] [1644333363.193203]: (-1.9021047353744507, 1.2352412939071655, 0.0, 525.0, 147)
[INFO] [1644333363.193907]: (-1.9742560386657715, 1.233652114868164, 0.0, 493.0, 148)
[INFO] [1644333363.194724]: (-2.038343906402588, 1.22476065158844, 0.0, 473.0, 149)
[INFO] [1644333363.196775]: (-2.0845232009887695, 1.2035000324249268, 0.0, 450.0, 150)
[INFO] [1644333363.198049]: (-2.1900477409362793, 1.213963270187378, 0.0, 445.0, 151)
[INFO] [1644333363.199266]: (-2.238272190093994, 1.190110445022583, 0.0, 439.0, 152)
[INFO] [1644333363.200382]: (-2.3192899227142334, 1.1817373037338257, 0.0, 395.0, 153)
[INFO] [1644333363.201431]: (-2.3880958557128906, 1.1647522449493408, 0.0, 383.0, 154)
[INFO] [1644333363.202523]: (-2.4896273612976074, 1.1609324216842651, 0.0, 317.0, 155)
[INFO] [1644333363.203439]: (-1.2268916368484497, 0.5462473630905151, 0.0, 760.0, 156)
[INFO] [1644333363.204650]: (-1.2399200201034546, 0.5263148546218872, 0.0, 340.0, 157)
[INFO] [1644333363.205600]: (-1.2229554653167725, 0.49410611391067505, 0.0, 213.0, 158)
[INFO] [1644333363.206416]: (-2.930508852005005, 1.1249170303344727, 0.0, 151.0, 159)
[INFO] [1644333363.207844]: (-2.158618927001953, 0.7432721257209778, 0.0, 121.0, 161)
[INFO] [1644333363.208847]: (-2.2112064361572266, 0.7184645533561707, 0.0, 142.0, 162)
[INFO] [1644333363.209605]: (-2.2645297050476074, 0.6923362612724304, 0.0, 360.0, 163)
[INFO] [1644333363.210282]: (-2.255119800567627, 0.6466452479362488, 0.0, 431.0, 164)
[INFO] [1644333363.210971]: (-2.3124265670776367, 0.6196128726005554, 0.0, 381.0, 165)
[INFO] [1644333363.211699]: (-2.269521713256836, 0.5658553838729858, 0.0, 190.0, 166)
[INFO] [1644333363.212440]: (-2.2751541137695312, 0.5252607464790344, 0.0, 162.0, 167)
[INFO] [1644333363.213154]: (-2.276149272918701, 0.48381054401397705, 0.0, 171.0, 168)
[INFO] [1644333363.213883]: (-2.2616689205169678, 0.43962395191192627, 0.0, 194.0, 169)
[INFO] [1644333363.214600]: (-2.283769130706787, 0.40269017219543457, 0.0, 214.0, 170)
[INFO] [1644333363.215323]: (-2.250941753387451, 0.35651421546936035, 0.0, 202.0, 171)
[INFO] [1644333363.216085]: (-1.156628966331482, 0.12156663089990616, 0.0, 455.0, 174)
[INFO] [1644333363.216806]: (-1.7277809381484985, 0.12081824988126755, 0.0, 130.0, 176)
[INFO] [1644333363.217556]: (-1.761582612991333, 0.09232067316770554, 0.0, 122.0, 177)
[INFO] [1644333363.218303]: (-1.6300064325332642, 0.05692112073302269, 0.0, 337.0, 178)
[INFO] [1644333363.219066]: (-1.7257370948791504, 0.030122894793748856, 0.0, 137.0, 179)
[INFO] [1644333363.219833]: (-1.9572744369506836, -0.6359569430351257, 0.0, 242.0, 198)
[INFO] [1644333363.220588]: (-1.9118386507034302, -0.6582987904548645, 0.0, 242.0, 199)
[INFO] [1644333363.221327]: (-1.8803248405456543, -0.6843822598457336, 0.0, 345.0, 200)
[INFO] [1644333363.222066]: (-1.843821406364441, -0.707776665687561, 0.0, 401.0, 201)
[INFO] [1644333363.222800]: (-1.881256103515625, -0.7600767612457275, 0.0, 315.0, 202)
[INFO] [1644333363.223528]: (-1.8612608909606934, -0.7900583148002625, 0.0, 345.0, 203)
[INFO] [1644333363.224292]: (-1.870941162109375, -0.8329966068267822, 0.0, 303.0, 204)
[INFO] [1644333363.225023]: (-1.8724318742752075, -0.8731292486190796, 0.0, 341.0, 205)
[INFO] [1644333363.225755]: (-1.865896463394165, -0.9100584387779236, 0.0, 310.0, 206)
[INFO] [1644333363.226530]: (-1.8488385677337646, -0.9420302510261536, 0.0, 335.0, 207)
[INFO] [1644333363.227658]: (-1.8533070087432861, -0.9854207634925842, 0.0, 332.0, 208)
[INFO] [1644333363.229791]: (-1.8410745859146118, -1.020524263381958, 0.0, 327.0, 209)
[INFO] [1644333363.230856]: (-1.8420361280441284, -1.0635000467300415, 0.0, 276.0, 210)
[INFO] [1644333363.231715]: (-1.7734792232513428, -1.0656137466430664, 0.0, 260.0, 211)
[INFO] [1644333363.232629]: (-1.730018138885498, -1.0810352563858032, 0.0, 380.0, 212)
[INFO] [1644333363.233465]: (-1.696630597114563, -1.1018047332763672, 0.0, 378.0, 213)
[INFO] [1644333363.234370]: (-1.6622204780578613, -1.121181845664978, 0.0, 432.0, 214)
[INFO] [1644333363.235216]: (-1.6047189235687256, -1.123636245727539, 0.0, 436.0, 215)
[INFO] [1644333363.236100]: (-1.5945725440979004, -1.1585246324539185, 0.0, 410.0, 216)
[INFO] [1644333363.236929]: (-1.533380150794983, -1.1554847955703735, 0.0, 615.0, 217)
[INFO] [1644333363.238261]: (-1.4987964630126953, -1.1709880828857422, 0.0, 688.0, 218)
[INFO] [1644333363.239111]: (-1.4602572917938232, -1.182492971420288, 0.0, 833.0, 219)
[INFO] [1644333363.240002]: (-1.4248427152633667, -1.1955848932266235, 0.0, 846.0, 220)
[INFO] [1644333363.241213]: (-1.4082881212234497, -1.2242060899734497, 0.0, 636.0, 221)
[INFO] [1644333363.242154]: (-0.23162741959095, -0.22367998957633972, 0.0, 232.0, 224)
[INFO] [1644333363.242908]: (-0.1343020796775818, -0.9556086659431458, 0.0, 165.0, 262)
[INFO] [1644333363.243676]: (0.04671134799718857, -0.26491329073905945, 0.0, 1620.0, 280)
[INFO] [1644333363.244451]: (0.05132760852575302, -0.2640576958656311, 0.0, 228.0, 281)
[INFO] [1644333363.245199]: (0.4983842372894287, -0.8991090655326843, 0.0, 1740.0, 299)
[INFO] [1644333363.245922]: (0.5234999656677246, -0.9067286849021912, 0.0, 2082.0, 300)
[INFO] [1644333363.246624]: (0.5438801646232605, -0.9051687121391296, 0.0, 1968.0, 301)
[INFO] [1644333363.247366]: (0.5468766093254089, -0.8751856088638306, 0.0, 1962.0, 302)
[INFO] [1644333363.248145]: (0.5631567239761353, -0.8671854138374329, 0.0, 2236.0, 303)
[INFO] [1644333363.248946]: (0.6061650514602661, -0.8986767530441284, 0.0, 1739.0, 304)
[INFO] [1644333363.249697]: (0.6051231026649475, -0.8642053604125977, 0.0, 2189.0, 305)
[INFO] [1644333363.250502]: (0.6077699661254883, -0.8365236520767212, 0.0, 2172.0, 306)
[INFO] [1644333363.251276]: (0.6078331470489502, -0.8066219091415405, 0.0, 1349.0, 307)
[INFO] [1644333363.252062]: (0.6058108806610107, -0.7754026055335999, 0.0, 1774.0, 308)
[INFO] [1644333363.252921]: (0.6192512512207031, -0.7647116780281067, 0.0, 2148.0, 309)
[INFO] [1644333363.253765]: (0.6318601965904236, -0.7530217170715332, 0.0, 2481.0, 310)
[INFO] [1644333363.254586]: (0.6501544713973999, -0.7479172348976135, 0.0, 2267.0, 311)
[INFO] [1644333363.255424]: (0.6617701649665833, -0.7349702715873718, 0.0, 2008.0, 312)
[INFO] [1644333363.256574]: (0.6819983124732971, -0.731353759765625, 0.0, 2247.0, 313)
[INFO] [1644333363.258740]: (0.6981316208839417, -0.7229365110397339, 0.0, 2489.0, 314)
[INFO] [1644333363.259877]: (0.6851864457130432, -0.685186505317688, 0.0, 2847.0, 315)
[INFO] [1644333363.261243]: (0.6970402002334595, -0.6731239557266235, 0.0, 1766.0, 316)
[INFO] [1644333363.262642]: (0.6955173015594482, -0.6485804319381714, 0.0, 1702.0, 317)
[INFO] [1644333363.264182]: (0.6948403716087341, -0.6256371736526489, 0.0, 1962.0, 318)
[INFO] [1644333363.265148]: (0.7147099375724792, -0.6212879419326782, 0.0, 1849.0, 319)
[INFO] [1644333363.266105]: (0.7315723896026611, -0.6138622164726257, 0.0, 1734.0, 320)
[INFO] [1644333363.267078]: (0.7499458193778992, -0.6072942018508911, 0.0, 824.0, 321)
[INFO] [1644333363.267992]: (1.5791734457015991, -1.233785629272461, 0.0, 754.0, 322)
[INFO] [1644333363.268839]: (1.572513222694397, -1.1849738359451294, 0.0, 798.0, 323)
[INFO] [1644333363.270216]: (1.5541216135025024, -1.1291354894638062, 0.0, 871.0, 324)
[INFO] [1644333363.271172]: (1.5547505617141724, -1.0886482000350952, 0.0, 926.0, 325)
[INFO] [1644333363.272053]: (1.5453259944915771, -1.0423356294631958, 0.0, 1004.0, 326)
[INFO] [1644333363.273002]: (1.5481858253479004, -1.005403757095337, 0.0, 1051.0, 327)
[INFO] [1644333363.274177]: (1.5213983058929443, -0.9506752490997314, 0.0, 1132.0, 328)
[INFO] [1644333363.275313]: (1.5120431184768677, -0.9085272550582886, 0.0, 1146.0, 329)
[INFO] [1644333363.276107]: (0.7716286182403564, -0.4455000162124634, 0.0, 3048.0, 330)
[INFO] [1644333363.276817]: (0.7792860865592957, -0.4319653809070587, 0.0, 3729.0, 331)
[INFO] [1644333363.278169]: (0.7487395405769348, -0.39811190962791443, 0.0, 2587.0, 332)
[INFO] [1644333363.279230]: (0.7493364810943604, -0.38180604577064514, 0.0, 2967.0, 333)
[INFO] [1644333363.280066]: (0.7451002597808838, -0.36340969800949097, 0.0, 2509.0, 334)
[INFO] [1644333363.280798]: (0.7386408448219299, -0.34443390369415283, 0.0, 2098.0, 335)
[INFO] [1644333363.281544]: (0.7116518616676331, -0.31684786081314087, 0.0, 1331.0, 336)
[INFO] [1644333363.282295]: (0.7032656669616699, -0.2985186278820038, 0.0, 2331.0, 337)
[INFO] [1644333363.283065]: (0.7074412703514099, -0.28582486510276794, 0.0, 2127.0, 338)
[INFO] [1644333363.283827]: (0.6684436202049255, -0.2565914988517761, 0.0, 4372.0, 339)
[INFO] [1644333363.284557]: (0.6718801856040955, -0.24454443156719208, 0.0, 3911.0, 340)
[INFO] [1644333363.285343]: (0.6751002669334412, -0.23245568573474884, 0.0, 2460.0, 341)
[INFO] [1644333363.286139]: (0.6762012243270874, -0.21971112489700317, 0.0, 2854.0, 342)
[INFO] [1644333363.286930]: (0.6761074662208557, -0.20670683681964874, 0.0, 3149.0, 343)
[INFO] [1644333363.287730]: (0.6892246603965759, -0.19763201475143433, 0.0, 3005.0, 344)
[INFO] [1644333363.288504]: (0.7012621760368347, -0.18790265917778015, 0.0, 2761.0, 345)
[INFO] [1644333363.289243]: (0.6879396438598633, -0.17152264714241028, 0.0, 2957.0, 346)
[INFO] [1644333363.290197]: (0.6957002282142639, -0.16061508655548096, 0.0, 3063.0, 347)
[INFO] [1644333363.292487]: (0.696441113948822, -0.14803315699100494, 0.0, 2981.0, 348)
[INFO] [1644333363.293484]: (0.6979369521141052, -0.13566523790359497, 0.0, 3114.0, 349)
[INFO] [1644333363.294226]: (0.6923198699951172, -0.12207470089197159, 0.0, 3105.0, 350)
[INFO] [1644333363.295099]: (0.6963202357292175, -0.11028632521629333, 0.0, 3033.0, 351)
[INFO] [1644333363.296122]: (0.6902168393135071, -0.09700369089841843, 0.0, 3761.0, 352)
[INFO] [1644333363.297034]: (0.6868419051170349, -0.08433361351490021, 0.0, 2639.0, 353)
[INFO] [1644333363.297943]: (0.6772693991661072, -0.07118391245603561, 0.0, 4210.0, 354)
[INFO] [1644333363.298940]: (0.6833895444869995, -0.05978887155652046, 0.0, 2519.0, 355)
[INFO] [1644333363.299849]: (0.6833313703536987, -0.04778321832418442, 0.0, 3209.0, 356)
[INFO] [1644333363.300743]: (0.6980420351028442, -0.03658286854624748, 0.0, 3409.0, 357)
[INFO] [1644333363.302158]: (0.7875199317932129, -0.02750084176659584, 0.0, 113.0, 358)
[INFO] [1644333363.303060]: (1.3807897567749023, -0.02410184033215046, 0.0, 1695.0, 359)
