 207.0, 18
 207.0, 19
 191.0, 20
 175.0, 21
 281.0, 22
 315.0, 23
 335.0, 24
 620.0, 25
 388.0, 26
 433.0, 27
 449.0, 28
 490.0, 29
 2228.0, 30
 2548.0, 31
 1383.0, 32
 1706.0, 33
 2075.0, 34
 2899.0, 35
 3193.0, 36
 1352.0, 37
 1449.0, 38
 2386.0, 39
 2318.0, 40
 2627.0, 41
 3039.0, 42
 2729.0, 43
 2255.0, 44
 3213.0, 45
 4089.0, 46
 3907.0, 47
 1989.0, 48
 1868.0, 49
 2612.0, 50
 3051.0, 51
 2206.0, 52
 2775.0, 53
 1933.0, 54
 2508.0, 55
 2955.0, 56
 2580.0, 57
 1510.0, 58
 1779.0, 59
 1674.0, 60
 1627.0, 61
 1827.0, 62
 1849.0, 63
 1649.0, 64
 1709.0, 65
 1795.0, 66
 1725.0, 67
 1808.0, 68
 1850.0, 69
 1809.0, 70
 1553.0, 71
 1774.0, 72
 1651.0, 73
 1752.0, 74
 1724.0, 75
 1657.0, 76
 1813.0, 77
 1956.0, 78
 1708.0, 79
 1738.0, 80
 3072.0, 81
 2428.0, 82
 2193.0, 83
 2749.0, 84
 2998.0, 85
 2553.0, 86
 2675.0, 87
 2565.0, 88
 2562.0, 89
 2443.0, 90
 2853.0, 91
 2926.0, 92
 2972.0, 93
 3544.0, 94
 3010.0, 95
 3202.0, 96
 3478.0, 97
 3293.0, 98
 3728.0, 99
 3521.0, 100
 3053.0, 101
 3018.0, 102
 3302.0, 103
 3080.0, 104
 3263.0, 105
 2624.0, 106
 3226.0, 107
 3987.0, 108
 2609.0, 109
 4653.0, 110
 2897.0, 111
 3713.0, 112
 4398.0, 113
 2828.0, 114
 2999.0, 115
 3689.0, 116
 4498.0, 117
 3646.0, 118
 3124.0, 119
 3725.0, 120
 3801.0, 121
 3454.0, 122
 3313.0, 123
 4014.0, 124
 4437.0, 125
 3363.0, 126
 234.0, 128
 1331.0, 129
 1194.0, 130
 1294.0, 131
 1603.0, 132
 1475.0, 133
 1306.0, 134
 1572.0, 135
 1229.0, 136
 1140.0, 137
 1274.0, 138
 1882.0, 139
 2409.0, 140
 2113.0, 141
 1645.0, 142
 1334.0, 143
 1540.0, 144
 2029.0, 145
 1788.0, 146
 1565.0, 147
 2853.0, 148
 2225.0, 149
 1869.0, 150
 1271.0, 151
 2447.0, 152
 1847.0, 153
 1694.0, 154
 2134.0, 155
 1865.0, 156
 2015.0, 157
 3133.0, 158
 793.0, 159
 1800.0, 160
 1952.0, 161
 2070.0, 162
 2284.0, 163
 6404.0, 164
 7972.0, 165
 9470.0, 166
 8585.0, 167
 9396.0, 168
 9644.0, 169
 9990.0, 170
 9534.0, 171
 9872.0, 172
 11200.0, 173
 10114.0, 174
 10762.0, 175
 11779.0, 176
 12009.0, 177
 12158.0, 178
 12151.0, 179
 12366.0, 180
 12904.0, 181
 11806.0, 182
 12231.0, 183
 11802.0, 184
 12395.0, 185
 12349.0, 186
 11486.0, 187
 11564.0, 188
 11938.0, 189
 12396.0, 190
 11057.0, 191
 11582.0, 192
 11745.0, 193
 12376.0, 194
 12211.0, 195
 12074.0, 196
 11713.0, 197
 12270.0, 198
 11647.0, 199
 11164.0, 200
 11807.0, 201
 11632.0, 202
 12917.0, 203
 12781.0, 204
 11747.0, 205
 12538.0, 206
 11533.0, 207
 10821.0, 208
 11391.0, 209
 9431.0, 210
 10237.0, 211
 12282.0, 212
 12437.0, 213
 12379.0, 214
 11817.0, 215
 12691.0, 216
 13630.0, 217
 11575.0, 218
 13390.0, 219
 13356.0, 220
 13577.0, 221
 13708.0, 222
 15931.0, 223
 13576.0, 224
 13426.0, 225
 14279.0, 226
 12344.0, 227
 12929.0, 228
 13838.0, 229
 16081.0, 230
 2866.0, 231
 126.0, 233
 130.0, 234
 120.0, 235
 112.0, 236
 220.0, 237
 275.0, 238
 294.0, 239
 171.0, 240
 197.0, 241
 180.0, 242
 204.0, 243
 201.0, 244
 212.0, 249
 407.0, 250
 538.0, 251
 173.0, 252
 361.0, 253
 410.0, 254
 502.0, 255
 145.0, 256
 237.0, 258
 187.0, 259
 178.0, 260
 165.0, 261
 190.0, 271
 170.0, 272
 131.0, 273
 275.0, 284
 366.0, 285
 319.0, 286
 543.0, 287
 680.0, 288
 658.0, 289
 479.0, 290
 457.0, 291
 357.0, 300
 221.0, 301
 153.0, 302
 141.0, 303
 359.0, 309
 1037.0, 313
 920.0, 314
 835.0, 315
 74.0, 344
 329.0, 351
 7325.0, 352
 217.0, 353
