 206.0, 17
 188.0, 18
 185.0, 19
 165.0, 20
 275.0, 21
 300.0, 22
 336.0, 23
 569.0, 24
 384.0, 25
 433.0, 26
 373.0, 27
 407.0, 28
 378.0, 29
 2207.0, 30
 1415.0, 31
 1580.0, 32
 1851.0, 33
 2042.0, 34
 3083.0, 35
 946.0, 36
 2501.0, 37
 2490.0, 38
 2582.0, 39
 2555.0, 40
 2345.0, 41
 2964.0, 42
 1739.0, 43
 2845.0, 44
 1547.0, 45
 1427.0, 46
 1432.0, 47
 3074.0, 48
 3164.0, 49
 2275.0, 50
 2311.0, 51
 1590.0, 52
 3100.0, 53
 1646.0, 54
 1643.0, 55
 563.0, 56
 1735.0, 57
 1360.0, 58
 1377.0, 59
 1546.0, 60
 1620.0, 61
 1661.0, 62
 1476.0, 63
 1559.0, 64
 1497.0, 65
 1624.0, 66
 1599.0, 67
 1612.0, 68
 1545.0, 69
 1632.0, 70
 1657.0, 71
 1454.0, 72
 1793.0, 73
 1287.0, 74
 1657.0, 75
 1669.0, 76
 1733.0, 77
 1626.0, 78
 1698.0, 79
 1690.0, 80
 1859.0, 81
 1541.0, 82
 2453.0, 83
 3481.0, 84
 2966.0, 85
 2596.0, 86
 2931.0, 87
 2773.0, 88
 2992.0, 89
 2676.0, 90
 3296.0, 91
 3161.0, 92
 2876.0, 93
 2859.0, 94
 2835.0, 95
 3984.0, 96
 2897.0, 97
 3064.0, 98
 2525.0, 99
 3236.0, 100
 3594.0, 101
 3626.0, 102
 2787.0, 103
 2608.0, 104
 2259.0, 105
 2153.0, 106
 2792.0, 107
 2188.0, 108
 2724.0, 109
 2355.0, 110
 2384.0, 111
 2508.0, 112
 2498.0, 113
 2247.0, 114
 2053.0, 115
 2935.0, 116
 1651.0, 117
 2697.0, 118
 2852.0, 119
 3455.0, 120
 1345.0, 122
 1321.0, 123
 1222.0, 124
 1184.0, 125
 1371.0, 126
 1139.0, 127
 1518.0, 128
 1803.0, 129
 2093.0, 130
 2231.0, 131
 2393.0, 132
 1892.0, 133
 2191.0, 134
 1817.0, 135
 1824.0, 136
 1345.0, 137
 1091.0, 138
 931.0, 139
 2022.0, 140
 1587.0, 141
 1537.0, 142
 1712.0, 143
 1204.0, 144
 2830.0, 145
 1521.0, 146
 1774.0, 147
 1932.0, 148
 1944.0, 149
 2005.0, 150
 1509.0, 151
 1894.0, 152
 1984.0, 153
 1783.0, 154
 2148.0, 155
 2613.0, 156
 1491.0, 157
 1382.0, 158
 1441.0, 159
 1752.0, 160
 1979.0, 161
 1721.0, 162
 1715.0, 163
 1467.0, 164
 1899.0, 165
 1743.0, 166
 2005.0, 167
 1832.0, 168
 1897.0, 169
 1662.0, 170
 1628.0, 171
 1637.0, 172
 1737.0, 173
 2276.0, 174
 1782.0, 175
 1826.0, 176
 1762.0, 177
 1814.0, 178
 1758.0, 179
 1794.0, 180
 1899.0, 181
 1564.0, 182
 1644.0, 183
 1747.0, 184
 1645.0, 185
 1632.0, 186
 1887.0, 187
 1956.0, 188
 1629.0, 189
 1778.0, 190
 1533.0, 191
 1574.0, 192
 1708.0, 193
 1668.0, 194
 1643.0, 195
 1484.0, 196
 1518.0, 197
 1582.0, 198
 1703.0, 199
 1523.0, 200
 1573.0, 201
 1514.0, 202
 1710.0, 203
 1691.0, 204
 1859.0, 205
 1521.0, 206
 1455.0, 207
 1887.0, 208
 1556.0, 209
 1763.0, 210
 1692.0, 211
 534.0, 212
 1848.0, 213
 2818.0, 214
 2716.0, 215
 2998.0, 216
 2388.0, 217
 1793.0, 218
 1898.0, 219
 1810.0, 220
 1769.0, 221
 2741.0, 222
 2997.0, 223
 2521.0, 224
 2741.0, 225
 2830.0, 226
 2085.0, 227
 719.0, 228
 562.0, 229
 257.0, 231
 377.0, 232
 375.0, 233
 309.0, 234
 396.0, 235
 332.0, 236
 324.0, 237
 291.0, 238
 269.0, 239
 176.0, 240
 174.0, 241
 193.0, 242
 193.0, 243
 147.0, 245
 391.0, 246
 411.0, 247
 607.0, 248
 482.0, 249
 460.0, 250
 123.0, 251
 198.0, 252
 176.0, 253
 171.0, 254
 190.0, 255
 143.0, 256
 152.0, 257
 111.0, 261
 170.0, 262
 190.0, 270
 178.0, 271
 162.0, 272
 183.0, 287
 279.0, 288
 567.0, 289
 329.0, 290
 422.0, 291
 161.0, 299
 129.0, 300
 108.0, 302
 202.0, 303
 169.0, 304
 133.0, 312
 1541.0, 313
 1047.0, 314
 3173.0, 352
 11030.0, 353
