(3.2136199474334717, 1.0441683530807495, 0.0, 207.0, 18)
(3.091845750808716, 1.064607858657837, 0.0, 207.0, 19)
(3.00701642036438, 1.0944644212722778, 0.0, 191.0, 20)
(2.8408851623535156, 1.0905137062072754, 0.0, 175.0, 21)
(2.6749253273010254, 1.080739974975586, 0.0, 281.0, 22)
(2.5672881603240967, 1.0897490978240967, 0.0, 315.0, 23)
(2.427290439605713, 1.0806993246078491, 0.0, 335.0, 24)
(2.348243474960327, 1.0950039625167847, 0.0, 620.0, 25)
(2.265859603881836, 1.1051336526870728, 0.0, 388.0, 26)
(2.1927671432495117, 1.117270588874817, 0.0, 433.0, 27)
(2.105829954147339, 1.119689702987671, 0.0, 449.0, 28)
(2.061478853225708, 1.1426963806152344, 0.0, 490.0, 29)
(0.8954703211784363, 0.5170000195503235, 0.0, 2228.0, 30)
(0.8425954580307007, 0.506282389163971, 0.0, 2548.0, 31)
(0.76917964220047, 0.4806367754936218, 0.0, 1383.0, 32)
(0.7631902694702148, 0.49562153220176697, 0.0, 1706.0, 33)
(0.757740318775177, 0.5111023187637329, 0.0, 2075.0, 34)
(0.753619909286499, 0.5276903510093689, 0.0, 2899.0, 35)
(0.7483407258987427, 0.5437013506889343, 0.0, 3193.0, 36)
(0.6708537936210632, 0.5055245757102966, 0.0, 1352.0, 37)
(0.6564129590988159, 0.5128459930419922, 0.0, 1449.0, 38)
(0.6419225335121155, 0.5198186039924622, 0.0, 2386.0, 39)
(0.6350508332252502, 0.5328709483146667, 0.0, 2318.0, 40)
(0.6347107887268066, 0.5517456531524658, 0.0, 2627.0, 41)
(0.6257279515266418, 0.5634079575538635, 0.0, 3039.0, 42)
(0.6157998442649841, 0.5742425918579102, 0.0, 2729.0, 43)
(0.5761911869049072, 0.5564213395118713, 0.0, 2255.0, 44)
(0.5621498823165894, 0.5621498823165894, 0.0, 3213.0, 45)
(0.5480854511260986, 0.5675590634346008, 0.0, 4089.0, 46)
(0.4999047815799713, 0.5360822677612305, 0.0, 3907.0, 47)
(0.5225909948348999, 0.5803961157798767, 0.0, 1989.0, 48)
(0.5097578763961792, 0.586409330368042, 0.0, 1868.0, 49)
(0.4968748390674591, 0.5921523571014404, 0.0, 2612.0, 50)
(0.4883526563644409, 0.6030652523040771, 0.0, 3051.0, 51)
(0.4826785922050476, 0.6178004145622253, 0.0, 2206.0, 52)
(0.4615921378135681, 0.6125534772872925, 0.0, 2775.0, 53)
(0.4461290240287781, 0.6140438914299011, 0.0, 1933.0, 54)
(0.4410802721977234, 0.629927933216095, 0.0, 2508.0, 55)
(0.4702812433242798, 0.6972206234931946, 0.0, 2955.0, 56)
(0.45858606696128845, 0.7061606049537659, 0.0, 2580.0, 57)
(0.7593743205070496, 1.2152528762817383, 0.0, 1510.0, 58)
(0.7380495667457581, 1.2283207178115845, 0.0, 1779.0, 59)
(0.7124999761581421, 1.2340861558914185, 0.0, 1674.0, 60)
(0.6821271181106567, 1.2305898666381836, 0.0, 1627.0, 61)
(0.6581991314888, 1.237892508506775, 0.0, 1827.0, 62)
(0.6260528564453125, 1.2286978960037231, 0.0, 1849.0, 63)
(0.6071440577507019, 1.244829773902893, 0.0, 1649.0, 64)
(0.5730703473091125, 1.2289533615112305, 0.0, 1709.0, 65)
(0.5523483753204346, 1.240594744682312, 0.0, 1795.0, 66)
(0.531394362449646, 1.2518866062164307, 0.0, 1725.0, 67)
(0.508715808391571, 1.2591156959533691, 0.0, 1808.0, 68)
(0.48200491070747375, 1.25566565990448, 0.0, 1850.0, 69)
(0.46206921339035034, 1.2695246934890747, 0.0, 1809.0, 70)
(0.4216107726097107, 1.2244465351104736, 0.0, 1553.0, 71)
(0.41284671425819397, 1.2706115245819092, 0.0, 1774.0, 72)
(0.38476118445396423, 1.2584969997406006, 0.0, 1651.0, 73)
(0.3555721938610077, 1.2400275468826294, 0.0, 1752.0, 74)
(0.34345290064811707, 1.2817835807800293, 0.0, 1724.0, 75)
(0.3137727379798889, 1.2584736347198486, 0.0, 1657.0, 76)
(0.29693540930747986, 1.2861685752868652, 0.0, 1813.0, 77)
(0.27215641736984253, 1.280395269393921, 0.0, 1956.0, 78)
(0.24671603739261627, 1.2692439556121826, 0.0, 1708.0, 79)
(0.22435346245765686, 1.2723716497421265, 0.0, 1738.0, 80)
(0.19742029905319214, 1.2464627027511597, 0.0, 3072.0, 81)
(0.09129756689071655, 0.6496158838272095, 0.0, 2428.0, 82)
(0.07994630187749863, 0.6511102914810181, 0.0, 2193.0, 83)
(0.06731633841991425, 0.6404721140861511, 0.0, 2749.0, 84)
(0.05604115128517151, 0.6405531764030457, 0.0, 2998.0, 85)
(0.044644150882959366, 0.6384409666061401, 0.0, 2553.0, 86)
(0.0333903469145298, 0.6371256709098816, 0.0, 2675.0, 87)
(0.022265886887907982, 0.6376113295555115, 0.0, 2565.0, 88)
(0.011064833030104637, 0.633903443813324, 0.0, 2562.0, 89)
(7.665817314261858e-09, 0.6299999952316284, 0.0, 2443.0, 90)
(-0.01090774592012167, 0.6249048113822937, 0.0, 2853.0, 91)
(-0.021777277812361717, 0.6236199140548706, 0.0, 2926.0, 92)
(-0.03250062093138695, 0.6201489567756653, 0.0, 2972.0, 93)
(-0.04303973540663719, 0.6154969930648804, 0.0, 3544.0, 94)
(-0.05351362004876137, 0.6116635799407959, 0.0, 3010.0, 95)
(-0.06438952684402466, 0.6126254796981812, 0.0, 3202.0, 96)
(-0.07458402961492538, 0.6074382066726685, 0.0, 3478.0, 97)
(-0.08433888852596283, 0.6001024842262268, 0.0, 3293.0, 98)
(-0.09354779869318008, 0.5906376242637634, 0.0, 3728.0, 99)
(-0.10384160280227661, 0.5889150500297546, 0.0, 3521.0, 100)
(-0.1131497249007225, 0.5821049213409424, 0.0, 3053.0, 101)
(-0.12266788631677628, 0.5771070718765259, 0.0, 3018.0, 102)
(-0.13227121531963348, 0.5729296207427979, 0.0, 3302.0, 103)
(-0.14225006103515625, 0.5705338716506958, 0.0, 3080.0, 104)
(-0.15270322561264038, 0.5698962211608887, 0.0, 3263.0, 105)
(-0.1620747596025467, 0.565221905708313, 0.0, 2624.0, 106)
(-0.17191454768180847, 0.5623071789741516, 0.0, 3226.0, 107)
(-0.1783028095960617, 0.5487596392631531, 0.0, 3987.0, 108)
(-0.18752723932266235, 0.5446186661720276, 0.0, 2609.0, 109)
(-0.1970035880804062, 0.5412629246711731, 0.0, 4653.0, 110)
(-0.19280193746089935, 0.5022662878036499, 0.0, 2897.0, 111)
(-0.2172718048095703, 0.5377666354179382, 0.0, 3713.0, 112)
(-0.2070874720811844, 0.4878675639629364, 0.0, 4398.0, 113)
(-0.21353672444820404, 0.479611337184906, 0.0, 2828.0, 114)
(-0.21976147592067719, 0.471280038356781, 0.0, 2999.0, 115)
(-0.22444602847099304, 0.4601825773715973, 0.0, 3689.0, 116)
(-0.23289711773395538, 0.45708635449409485, 0.0, 4498.0, 117)
(-0.2380220890045166, 0.44765445590019226, 0.0, 3646.0, 118)
(-0.24337440729141235, 0.4390590786933899, 0.0, 3124.0, 119)
(-0.25, 0.4330126941204071, 0.0, 3725.0, 120)
(-0.25648894906044006, 0.42686930298805237, 0.0, 3801.0, 121)
(-0.2633698582649231, 0.4214799106121063, 0.0, 3454.0, 122)
(-0.270685613155365, 0.4168192744255066, 0.0, 3313.0, 123)
(-0.2790372669696808, 0.4136897623538971, 0.0, 4014.0, 124)
(-0.28850895166397095, 0.4120334982872009, 0.0, 4437.0, 125)
(-0.2997704744338989, 0.4125986695289612, 0.0, 3363.0, 126)
(-1.1876109838485718, 1.5200728178024292, 0.0, 234.0, 128)
(-1.0037660598754883, 1.239547848701477, 0.0, 1331.0, 129)
(-0.9950351715087891, 1.1858367919921875, 0.0, 1194.0, 130)
(-0.993929386138916, 1.1433850526809692, 0.0, 1294.0, 131)
(-1.00503408908844, 1.1162035465240479, 0.0, 1603.0, 132)
(-1.0107215642929077, 1.0838662385940552, 0.0, 1475.0, 133)
(-1.0072546005249023, 1.043042778968811, 0.0, 1306.0, 134)
(-1.0274261236190796, 1.0274261236190796, 0.0, 1572.0, 135)
(-1.0509554147720337, 1.0148959159851074, 0.0, 1229.0, 136)
(-1.015850305557251, 0.9472957849502563, 0.0, 1140.0, 137)
(-1.019594669342041, 0.9180471897125244, 0.0, 1274.0, 138)
(-1.0460275411605835, 0.9092978835105896, 0.0, 1882.0, 139)
(-1.0648016929626465, 0.893474817276001, 0.0, 2409.0, 140)
(-1.0545870065689087, 0.8539878129959106, 0.0, 2113.0, 141)
(-1.0582984685897827, 0.8268334269523621, 0.0, 1645.0, 142)
(-1.0334343910217285, 0.7787486910820007, 0.0, 1334.0, 143)
(-1.0509130954742432, 0.7635330557823181, 0.0, 1540.0, 144)
(-1.078823208808899, 0.7554001808166504, 0.0, 2029.0, 145)
(-1.0984748601913452, 0.7409306168556213, 0.0, 1788.0, 146)
(-1.055886149406433, 0.685700535774231, 0.0, 1565.0, 147)
(-1.026138186454773, 0.6412023305892944, 0.0, 2853.0, 148)
(-1.080888032913208, 0.6494630575180054, 0.0, 2225.0, 149)
(-1.0730054378509521, 0.6194999814033508, 0.0, 1869.0, 150)
(-1.0906507968902588, 0.6045576333999634, 0.0, 1271.0, 151)
(-1.0833766460418701, 0.5760416388511658, 0.0, 2447.0, 152)
(-1.0843548774719238, 0.5525064468383789, 0.0, 1847.0, 153)
(-1.079451560974121, 0.5264837741851807, 0.0, 1694.0, 154)
(-1.0911945104599, 0.5088323950767517, 0.0, 2134.0, 155)
(-1.0843784809112549, 0.48279643058776855, 0.0, 1865.0, 156)
(-1.0907981395721436, 0.4630163908004761, 0.0, 2015.0, 157)
(-1.0912954807281494, 0.44091200828552246, 0.0, 3133.0, 158)
(-1.1343002319335938, 0.4354170858860016, 0.0, 793.0, 159)
(-1.2244194746017456, 0.4456522762775421, 0.0, 1800.0, 160)
(-1.2045906782150269, 0.4147738814353943, 0.0, 1952.0, 161)
(-1.2230587005615234, 0.39739587903022766, 0.0, 2070.0, 162)
(-1.223113775253296, 0.3739434480667114, 0.0, 2284.0, 163)
(-0.18167845904827118, 0.05209546163678169, 0.0, 6404.0, 164)
(-0.18255998194217682, 0.04891680181026459, 0.0, 7972.0, 165)
(-0.18047501146793365, 0.044997476041316986, 0.0, 9470.0, 166)
(-0.17733535170555115, 0.04094109684228897, 0.0, 8585.0, 167)
(-0.17215397953987122, 0.03659246116876602, 0.0, 9396.0, 168)
(-0.1668766289949417, 0.032437533140182495, 0.0, 9644.0, 169)
(-0.1644628942012787, 0.028999248519539833, 0.0, 9990.0, 170)
(-0.16296857595443726, 0.02581169083714485, 0.0, 9534.0, 171)
(-0.1604234278202057, 0.02254604548215866, 0.0, 9872.0, 172)
(-0.15880738198757172, 0.019499098882079124, 0.0, 11200.0, 173)
(-0.15613994002342224, 0.01641097292304039, 0.0, 10114.0, 174)
(-0.15341398119926453, 0.013421988114714622, 0.0, 10762.0, 175)
(-0.15063215792179108, 0.010533230379223824, 0.0, 11779.0, 176)
(-0.14879579842090607, 0.007798061240464449, 0.0, 12009.0, 177)
(-0.14691044390201569, 0.005130229517817497, 0.0, 12158.0, 178)
(-0.14597776532173157, 0.0025480547919869423, 0.0, 12151.0, 179)
(-0.1459999978542328, 3.553045635484864e-09, 0.0, 12366.0, 180)
(-0.14597776532173157, -0.0025480478070676327, 0.0, 12904.0, 181)
(-0.1459110528230667, -0.005095323082059622, 0.0, 11806.0, 182)
(-0.1457999050617218, -0.007641045842319727, 0.0, 12231.0, 183)
(-0.14564435184001923, -0.010184441693127155, 0.0, 11802.0, 184)
(-0.14644062519073486, -0.012811890803277493, 0.0, 12395.0, 185)
(-0.146194726228714, -0.015365680679678917, 0.0, 12349.0, 186)
(-0.1468968391418457, -0.01803665980696678, 0.0, 11486.0, 187)
(-0.14754994213581085, -0.02073678933084011, 0.0, 11564.0, 188)
(-0.14716556668281555, -0.023308731615543365, 0.0, 11938.0, 189)
(-0.14772117137908936, -0.026047224178910255, 0.0, 12396.0, 190)
(-0.14724408090114594, -0.02862134575843811, 0.0, 11057.0, 191)
(-0.14770027995109558, -0.03139466047286987, 0.0, 11582.0, 192)
(-0.1481042504310608, -0.03419255465269089, 0.0, 11745.0, 193)
(-0.1474849432706833, -0.03677212446928024, 0.0, 12376.0, 194)
(-0.14778664708137512, -0.03959931060671806, 0.0, 12211.0, 195)
(-0.14707303047180176, -0.04217251017689705, 0.0, 12074.0, 196)
(-0.1463146209716797, -0.04473286494612694, 0.0, 11713.0, 197)
(-0.14551164209842682, -0.04727959632873535, 0.0, 12270.0, 198)
(-0.14466434717178345, -0.04981192201375961, 0.0, 11647.0, 199)
(-0.14377297461032867, -0.05232907831668854, 0.0, 11164.0, 200)
(-0.14283780753612518, -0.054830290377140045, 0.0, 11807.0, 201)
(-0.14093194901943207, -0.05694019794464111, 0.0, 11632.0, 202)
(-0.13807573914527893, -0.05860966816544533, 0.0, 12917.0, 203)
(-0.13703182339668274, -0.06101049482822418, 0.0, 12781.0, 204)
(-0.13594616949558258, -0.06339273601770401, 0.0, 11747.0, 205)
(-0.13571789860725403, -0.06619403511285782, 0.0, 12538.0, 206)
(-0.13543298840522766, -0.06900654733181, 0.0, 11533.0, 207)
(-0.13509097695350647, -0.07182914763689041, 0.0, 10821.0, 208)
(-0.13556605577468872, -0.07514549046754837, 0.0, 11391.0, 209)
(-0.13509996235370636, -0.07799999415874481, 0.0, 9431.0, 210)
(-0.1337181031703949, -0.08034593611955643, 0.0, 10237.0, 211)
(-0.13399161398410797, -0.08372724056243896, 0.0, 12282.0, 212)
(-0.13334861397743225, -0.08659759908914566, 0.0, 12437.0, 213)
(-0.1301589012145996, -0.08779328316450119, 0.0, 12379.0, 214)
(-0.1277877241373062, -0.08947791904211044, 0.0, 11817.0, 215)
(-0.1262066513299942, -0.09169449657201767, 0.0, 12691.0, 216)
(-0.12458714842796326, -0.09388314187526703, 0.0, 13630.0, 217)
(-0.12214167416095734, -0.09542752802371979, 0.0, 11575.0, 218)
(-0.1196804791688919, -0.0969153344631195, 0.0, 13390.0, 219)
(-0.11797084659337997, -0.09898928552865982, 0.0, 13356.0, 220)
(-0.11471585184335709, -0.09972096234560013, 0.0, 13577.0, 221)
(-0.11370115727186203, -0.10237697511911392, 0.0, 13708.0, 222)
(-0.11189711838960648, -0.10434574633836746, 0.0, 15931.0, 223)
(-0.10286559909582138, -0.09933614730834961, 0.0, 13576.0, 224)
(-0.09970206022262573, -0.09970205277204514, 0.0, 13426.0, 225)
(-0.09725217521190643, -0.10070756822824478, 0.0, 14279.0, 226)
(-0.0947977751493454, -0.1016581580042839, 0.0, 12344.0, 227)
(-0.09367828816175461, -0.10404027253389359, 0.0, 12929.0, 228)
(-0.09316039085388184, -0.1071687638759613, 0.0, 13838.0, 229)
(-0.09320420771837234, -0.11107643693685532, 0.0, 16081.0, 230)
(-0.09817398339509964, -0.12123476713895798, 0.0, 2866.0, 231)
(-1.4034327268600464, -1.8624179363250732, 0.0, 126.0, 233)
(-1.3812953233718872, -1.9011898040771484, 0.0, 130.0, 234)
(-1.4299261569976807, -2.0421459674835205, 0.0, 120.0, 235)
(-1.4253827333450317, -2.1132166385650635, 0.0, 112.0, 236)
(-1.4618113040924072, -2.2509918212890625, 0.0, 220.0, 237)
(-1.4540984630584717, -2.3270440101623535, 0.0, 275.0, 238)
(-1.4560126066207886, -2.4232118129730225, 0.0, 294.0, 239)
(-1.4850001335144043, -2.5720953941345215, 0.0, 171.0, 240)
(-1.499516248703003, -2.7051987648010254, 0.0, 197.0, 241)
(-1.5074732303619385, -2.8351447582244873, 0.0, 180.0, 242)
(-1.5217761993408203, -2.9866538047790527, 0.0, 204.0, 243)
(-1.5207096338272095, -3.1179165840148926, 0.0, 201.0, 244)
(-1.136743187904358, -2.9613170623779297, 0.0, 212.0, 249)
(-0.8796759247779846, -2.4168894290924072, 0.0, 407.0, 250)
(-0.8376869559288025, -2.432819128036499, 0.0, 538.0, 251)
(-0.7518384456634521, -2.313920497894287, 0.0, 173.0, 252)
(-0.7218658328056335, -2.361116409301758, 0.0, 361.0, 253)
(-0.6739333868026733, -2.3502848148345947, 0.0, 410.0, 254)
(-0.6330714821815491, -2.362654685974121, 0.0, 502.0, 255)
(-0.596095621585846, -2.390808582305908, 0.0, 145.0, 256)
(-0.6879798769950867, -3.2366902828216553, 0.0, 237.0, 258)
(-0.6012392640113831, -3.093107223510742, 0.0, 187.0, 259)
(-0.5916194915771484, -3.3552401065826416, 0.0, 178.0, 260)
(-0.5437663197517395, -3.4332046508789062, 0.0, 165.0, 261)
(0.05792441591620445, -3.3184945583343506, 0.0, 190.0, 271)
(0.1178554818034172, -3.3749430179595947, 0.0, 170.0, 272)
(0.17783746123313904, -3.393343210220337, 0.0, 131.0, 273)
(0.49158522486686707, -1.971640944480896, 0.0, 275.0, 284)
(0.520484983921051, -1.942476749420166, 0.0, 366.0, 285)
(0.5446593165397644, -1.899453043937683, 0.0, 319.0, 286)
(0.5768493413925171, -1.886789321899414, 0.0, 543.0, 287)
(0.5973297953605652, -1.8383922576904297, 0.0, 680.0, 288)
(0.6289976239204407, -1.8267419338226318, 0.0, 658.0, 289)
(0.6754897236824036, -1.8558930158615112, 0.0, 479.0, 290)
(0.707776665687561, -1.843821406364441, 0.0, 457.0, 291)
(1.21399986743927, -2.1027097702026367, 0.0, 357.0, 300)
(1.2257906198501587, -2.0400583744049072, 0.0, 221.0, 301)
(1.2622675895690918, -2.020050525665283, 0.0, 153.0, 302)
(1.3289191722869873, -2.046356201171875, 0.0, 141.0, 303)
(0.4298258125782013, -0.5307907462120056, 0.0, 359.0, 309)
(0.45693889260292053, -0.4900070130825043, 0.0, 1037.0, 313)
(0.47097834944725037, -0.48771238327026367, 0.0, 920.0, 314)
(0.4850752353668213, -0.4850752651691437, 0.0, 835.0, 315)
(0.8689805269241333, -0.24917620420455933, 0.0, 74.0, 344)
(0.24988514184951782, -0.03957793116569519, 0.0, 329.0, 351)
(0.25845998525619507, -0.036324191838502884, 0.0, 7325.0, 352)
(0.282875657081604, -0.03473277762532234, 0.0, 217.0, 353)
