 12360.0, 25
 11444.0, 26
 11438.0, 27
 11639.0, 28
 12204.0, 29
 12426.0, 30
 11857.0, 31
 11855.0, 32
 12099.0, 33
 11945.0, 34
 11480.0, 35
 11796.0, 36
 12138.0, 37
 12020.0, 38
 10889.0, 39
 11700.0, 40
 11194.0, 41
 11096.0, 42
 10910.0, 43
 10341.0, 44
 10001.0, 45
 9891.0, 46
 4843.0, 47
 1690.0, 51
 1914.0, 52
 2472.0, 53
 1834.0, 54
 3017.0, 55
 2890.0, 56
 2446.0, 57
 2124.0, 58
 2631.0, 59
 2683.0, 60
 2485.0, 61
 3334.0, 62
 2440.0, 63
 2687.0, 64
 2534.0, 65
 2375.0, 66
 2079.0, 67
 1975.0, 68
 2288.0, 69
 1726.0, 70
 3736.0, 71
 2884.0, 72
 1579.0, 73
 1627.0, 74
 1635.0, 75
 1522.0, 76
 1399.0, 77
 1571.0, 78
 1750.0, 79
 1663.0, 80
 1450.0, 81
 1523.0, 82
 1671.0, 83
 1622.0, 84
 1849.0, 85
 1632.0, 86
 1777.0, 87
 1698.0, 88
 1633.0, 89
 1828.0, 90
 1602.0, 91
 1441.0, 92
 2381.0, 93
 2440.0, 94
 2759.0, 95
 2497.0, 96
 2558.0, 97
 2775.0, 98
 3223.0, 99
 2821.0, 100
 2739.0, 101
 3113.0, 102
 2292.0, 103
 2771.0, 104
 3337.0, 105
 3098.0, 106
 2220.0, 107
 2487.0, 108
 2642.0, 109
 3280.0, 110
 2781.0, 111
 3037.0, 112
 2143.0, 113
 3397.0, 114
 2613.0, 115
 2955.0, 116
 2612.0, 117
 3234.0, 118
 3284.0, 119
 2239.0, 120
 3154.0, 121
 2922.0, 122
 3163.0, 123
 3075.0, 124
 3724.0, 125
 3681.0, 126
 606.0, 127
 856.0, 128
 1229.0, 129
 1158.0, 130
 1100.0, 131
 1117.0, 132
 1160.0, 133
 1704.0, 134
 1754.0, 135
 1760.0, 136
 1644.0, 137
 1254.0, 138
 1453.0, 139
 1718.0, 140
 1729.0, 141
 2233.0, 142
 1980.0, 143
 2053.0, 144
 1739.0, 145
 1547.0, 146
 1191.0, 147
 1644.0, 148
 1970.0, 149
 1679.0, 150
 1643.0, 151
 1182.0, 152
 2010.0, 153
 1689.0, 154
 1622.0, 155
 1832.0, 156
 2046.0, 157
 1889.0, 158
 2037.0, 159
 1758.0, 160
 2124.0, 161
 1537.0, 162
 654.0, 163
 1848.0, 164
 1612.0, 165
 1467.0, 166
 1727.0, 167
 1636.0, 168
 2985.0, 169
 2104.0, 170
 2080.0, 171
 1868.0, 172
 1550.0, 173
 1673.0, 174
 2062.0, 175
 1577.0, 176
 1736.0, 177
 1528.0, 178
 1719.0, 179
 1669.0, 180
 2361.0, 181
 2187.0, 182
 1499.0, 183
 1578.0, 184
 1857.0, 185
 1702.0, 186
 1517.0, 187
 1791.0, 188
 1699.0, 189
 1704.0, 190
 1742.0, 191
 1523.0, 192
 1763.0, 193
 1868.0, 194
 1707.0, 195
 1902.0, 196
 1802.0, 197
 1637.0, 198
 1507.0, 199
 1636.0, 200
 1622.0, 201
 1710.0, 202
 1540.0, 203
 1674.0, 204
 1518.0, 205
 1676.0, 206
 1899.0, 207
 1609.0, 208
 1479.0, 209
 1580.0, 210
 2090.0, 211
 1839.0, 212
 1729.0, 213
 3412.0, 214
 2697.0, 215
 3381.0, 216
 2674.0, 217
 2490.0, 218
 2147.0, 219
 1945.0, 220
 2288.0, 221
 1562.0, 222
 2672.0, 223
 3283.0, 224
 3019.0, 225
 3213.0, 226
 2917.0, 227
 672.0, 228
 676.0, 229
 961.0, 230
 843.0, 231
 287.0, 232
 369.0, 233
 548.0, 234
 533.0, 235
 476.0, 236
 407.0, 237
 371.0, 238
 316.0, 239
 376.0, 240
 364.0, 241
 335.0, 242
 323.0, 243
 300.0, 244
 168.0, 245
 204.0, 246
 196.0, 247
 201.0, 248
 209.0, 249
 251.0, 254
 294.0, 255
 260.0, 256
 320.0, 257
 294.0, 258
 313.0, 259
 264.0, 260
 243.0, 261
 218.0, 262
 151.0, 263
 145.0, 266
 138.0, 267
 321.0, 271
 137.0, 272
 250.0, 292
 137.0, 293
 140.0, 294
 374.0, 296
 1510.0, 319
 1082.0, 320
 1062.0, 321
