 6735.0, 8
 3639.0, 9
 203.0, 24
 205.0, 25
 205.0, 26
 190.0, 27
 288.0, 28
 309.0, 29
 328.0, 30
 388.0, 31
 385.0, 32
 422.0, 33
 434.0, 34
 473.0, 35
 414.0, 36
 476.0, 37
 525.0, 38
 1374.0, 39
 1949.0, 40
 2053.0, 41
 1649.0, 42
 2075.0, 43
 3432.0, 44
 3156.0, 45
 936.0, 46
 1756.0, 47
 2552.0, 48
 2253.0, 49
 3105.0, 50
 2771.0, 51
 2397.0, 52
 2377.0, 53
 2979.0, 54
 2194.0, 55
 1647.0, 56
 2083.0, 57
 3183.0, 58
 1975.0, 59
 2619.0, 60
 3133.0, 61
 2586.0, 62
 2323.0, 63
 2799.0, 64
 1826.0, 65
 1855.0, 66
 1802.0, 67
 1702.0, 68
 1761.0, 69
 1594.0, 70
 1875.0, 71
 1879.0, 72
 1638.0, 73
 1740.0, 74
 1613.0, 75
 1624.0, 76
 1683.0, 77
 1776.0, 78
 1742.0, 79
 1771.0, 80
 1583.0, 81
 1925.0, 82
 1693.0, 83
 1736.0, 84
 1740.0, 85
 1993.0, 86
 1707.0, 87
 1621.0, 88
 1759.0, 89
 1728.0, 90
 1719.0, 91
 1997.0, 92
 1898.0, 93
 1637.0, 94
 1640.0, 95
 1680.0, 96
 1510.0, 97
 2003.0, 98
 3308.0, 99
 3115.0, 100
 1518.0, 101
 1572.0, 102
 2266.0, 103
 2099.0, 104
 3107.0, 105
 1826.0, 106
 3225.0, 107
 1908.0, 108
 2857.0, 109
 2146.0, 110
 2128.0, 111
 1896.0, 112
 2920.0, 113
 2358.0, 114
 2315.0, 115
 2333.0, 116
 2413.0, 117
 2390.0, 118
 2745.0, 119
 1474.0, 120
 2326.0, 121
 1572.0, 123
 1511.0, 124
 1450.0, 125
 1411.0, 126
 1311.0, 127
 1306.0, 128
 1238.0, 129
 1202.0, 130
 1139.0, 131
 1078.0, 132
 1033.0, 133
 1113.0, 134
 1287.0, 135
 1279.0, 136
 1305.0, 137
 1432.0, 138
 1649.0, 139
 1636.0, 140
 1393.0, 141
 1197.0, 142
 1121.0, 143
 1221.0, 144
 1828.0, 145
 2330.0, 146
 1939.0, 147
 2081.0, 148
 1764.0, 149
 1293.0, 150
 2626.0, 151
 1754.0, 152
 1697.0, 153
 1167.0, 154
 2204.0, 155
 1771.0, 156
 1548.0, 157
 3016.0, 158
 1871.0, 159
 1776.0, 160
 2641.0, 161
 1981.0, 162
 939.0, 163
 2103.0, 164
 1709.0, 165
 1789.0, 166
 1743.0, 167
 1756.0, 168
 1833.0, 169
 1586.0, 170
 2437.0, 171
 2651.0, 172
 1188.0, 173
 1871.0, 174
 1534.0, 175
 1593.0, 176
 2030.0, 177
 1727.0, 178
 1686.0, 179
 1787.0, 180
 2525.0, 181
 2293.0, 182
 624.0, 183
 1856.0, 184
 1834.0, 185
 1902.0, 186
 1836.0, 187
 1806.0, 188
 1783.0, 189
 1790.0, 190
 1855.0, 191
 1843.0, 192
 1715.0, 193
 1777.0, 194
 1667.0, 195
 1623.0, 196
 1839.0, 197
 1629.0, 198
 1802.0, 199
 1694.0, 200
 1782.0, 201
 1812.0, 202
 1768.0, 203
 2006.0, 204
 1614.0, 205
 1922.0, 206
 1601.0, 207
 1890.0, 208
 1906.0, 209
 1820.0, 210
 1892.0, 211
 1937.0, 212
 1749.0, 213
 1526.0, 214
 1929.0, 215
 3008.0, 216
 2563.0, 217
 2788.0, 218
 1817.0, 219
 1955.0, 220
 2169.0, 221
 1501.0, 222
 2266.0, 223
 2895.0, 224
 2900.0, 225
 3125.0, 226
 2356.0, 227
 999.0, 228
 613.0, 229
 1429.0, 230
 468.0, 231
 486.0, 232
 275.0, 233
 507.0, 234
 489.0, 235
 458.0, 236
 401.0, 237
 343.0, 238
 460.0, 239
 414.0, 240
 366.0, 241
 340.0, 242
 320.0, 243
 294.0, 244
 282.0, 245
 202.0, 246
 193.0, 247
 210.0, 248
 393.0, 255
 511.0, 256
 232.0, 257
 212.0, 258
 471.0, 259
 425.0, 260
 114.0, 261
 130.0, 263
 102.0, 264
 204.0, 265
 134.0, 275
 189.0, 276
 189.0, 277
 114.0, 278
 254.0, 288
 353.0, 289
 335.0, 290
 697.0, 291
 747.0, 292
 730.0, 293
 661.0, 294
 652.0, 295
 355.0, 296
 303.0, 305
 240.0, 306
 330.0, 307
 254.0, 308
 171.0, 309
 1325.0, 319
 1068.0, 320
 1053.0, 321
 74.0, 351
